39.1
38.8
37.6
39
38.7
39.3
39.7
40.4
40.4
40.2
40.6
40.6
40.6
40.2
39.3
39.2
39.5
39.4
39.6
39.1
38.8
39.6
39.6
39.1
39.5
39.3
39.3
39.6
39.4
39.6
39.3
39.3
39.3
39.6
39
38.7
39
38.7
38.7
38.9
38.6
38.7
38.6
38.7
39
38.4
38.5
38.5
38.6
38.9
39.2
38.3
38.8
38.9
38.7
39
39.1
39.2
38.7
38.5
38.5
38.5
38.4
38.4
38.3
38.3
39.1
39.3
39.3
39.7
39.4
39.7
39.6
39.5
39.6
39.2
39.2
39
39.5
41.2
41.6
41.6
42
41
40.8
40.2
40.4
39.7
40.2
40.6
40.6
41.2
40.6
40.6
40
40.2
39.7
40.2
39.5
39.7
40
39.5
39.7
39
39.5
39.8
39.7
40.2
40.2
39.5
40
40.4
39.7
39.7
39.9
39.9
39.7
39.9
39.8
39.8
39.6
39.6
39.3
39
38
35.6
36.2
39.4
39.1
38.5
38.2
38.2
38.5
38.5
38.2
38.3
38.3
38.1
38
37.8
37.2
36.7
37.8
37.7
37.3
37.4
36.9
36
36.5
36
36
35.6
36.3
36.6
37.2
37.6
38.3
38.5
38.9
40.2
40.2
39.7
39.9
40
39.6
39.4
39.6
39.7
39.8
39.6
39.4
39.1
38.9
38.9
38.8
39.4
39.3
39.4
39.6
39.8
39.8
39.6
39.4
39.4
39.3
39.1
39.2
39.3
39.4
39.4
39.2
39.4
39.4
39.3
39.8
39.8
40.8
40.6
40.8
41.4
41.2
41.6
41.6
41.4
41.2
42
40.25
40.5
39.5
39
39.75
40
40.25
39.25
39.75
38.75
38.75
38.75
38.75
39
38.75
38.25
38.5
38.25
39
39
38.5
39
38.5
38.25
39.25
38.75
39
39.25
39.5
40
39.75
39.75
40.25
40
40
39.25
39.25
39.75
39.5
39.75
39.25
39.25
39.75
39.75
40
40.25
41.25
41.25
41
41.25
41.5
40.75
40.25
40.5
40.75
41
41.25
41.5
41.5
41.75
41.5
41.25
41.25
42
42
41.75
42
42
42
42.25
42.25
42.75
43
42.5
44
44.5
45
45
44
44.75
44.5
44
44.25
44.25
44.5
45.25
46.5
46
46
46.5
46.25
46
47
46.75
47.25
47.25
47.25
46.5
47.25
49.75
48.5
49
49.5
49
48.75
47.5
48.25
49
50.5
51.25
51.75
52
52
52
51.5
52
52.25
52.5
53.25
54
54.25
53
53.5
52.5
51.75
52.75
52.75
52.75
51.25
51.5
52
52.75
52.25
52.25
54.25
54.75
54.5
55
54.25
54.25
54.5
54.75
55.25
56.75
56.75
57
57.5
57.75
59.25
61
59.25
59.25
58
58.75
58.25
58
59
59
59.5
59
58.25
58.5
58.25
59.5
59.25
59.25
58.5
59.25
59.25
58.75
57.5
58.25
58.25
58.25
58.5
58.5
59.5
58.25
58.25
58.5
58
58.5
58.5
58
57.75
57
57.5
57
57.25
58.25
58
59
58.75
58.75
58
58.5
61.5
62
62.25
61.75
61.25
61.5
63
62.5
62.25
62.75
63.5
64
63.75
64.5
64.75
64.5
64.75
66.5
68.5
67.5
66.75
68
70.5
70.5
72
74.25
73.25
71.25
69.75
69.5
71.25
70.75
70.5
70.25
70.25
70.5
69.75
70.25
70
70.5
70.5
69.75
70
70
70
69.75
69.25
69
68.75
67.75
67.5
68.75
69.25
69.25
68.75
69.25
68.5
68
67.75
68.75
71.25
70.75
70.75
69.5
69
68.75
68.25
68
67.5
68.5
68.5
68
67.75
68
67.75
67.75
68.5
68
68
67.75
67.75
67.75
66
67.5
67.5
69.5
68.5
69.75
70.5
72
71.25
71
70
70.25
70.25
70
71
70.5
70.75
71
71.75
71.25
71.5
71.5
71
71
69.75
70.25
70.25
71.25
71.5
71
70
70.5
69.75
69.5
69
68.75
69
69
68.25
67.5
68.5
68.5
69.75
69.75
69.75
69
68.5
68.25
68.25
67.5
67.25
67.25
66.75
65
65.25
64.25
65
64
64
63
63
63
64.75
66.25
67
66.5
66.5
66.5
65.5
64.75
64.75
65
63.25
61.5
61
63
64.25
64
65.75
65.75
66
66.25
67
66
66.25
65.25
65.5
66.25
65.5
65.5
65.5
64.75
64.75
64.5
65
65.5
65.5
66
65.75
66.25
66
66.25
66.5
66.75
66.5
65.5
65
65.5
64.75
64.25
62
62.25
64.5
64.5
64.5
66
66
66.25
66.5
66
66.5
65
65.25
65.5
65
64.5
64.25
63.5
63
62.25
62.25
63
62.5
63.5
63.5
62.75
62
61
61.5
61
61.75
61
62.25
62.5
64
63.75
64.25
64.5
65.25
65
65.5
65
64.75
65.25
65.5
64.75
64.5
65.25
64
63
61.5
63
63.75
63.25
64.25
64.75
63.75
65.75
66
65.25
65.25
63.5
64.5
63.25
63
63.25
62.75
63.75
64.5
64.5
65
62.75
64
63.25
64.25
64.25
63.5
64.5
64.25
64.75
66
66
68.5
68.25
66.5
67.75
67.75
68.5
68.5
68.5
69.25
68.25
68.5
68.5
68.75
69.75
69
69.75
69.25
70
69.5
69
69
68
68
69
68.75
67.25
67
68.5
68.5
68.75
69
69
68.75
67.5
67.5
66.75
67.25
67.75
67.75
67.75
67.75
67
68.75
69
68
67
67.75
67.5
67.75
68.25
67.75
67.75
67.5
67.75
68
67.25
67.5
67.5
67.25
67.25
68
68.25
68
68.25
68.5
68.75
69
68.5
68.5
68.25
68
68
68
68.5
68.75
69.25
68.5
68.25
67.75
67.75
68.25
68
67.5
68
67.25
66.75
66.75
66.75
65.75
66.5
67
66.5
66.5
63.75
65
64.75
65
66
66
66.25
66.5
66.5
66.75
66.5
68
73.75
74.25
74.5
75.5
75
74
74
73.5
74.25
74
75
74.25
74.75
74
73.5
74.25
73.75
74
73.75
73.5
73
72.75
71.5
72.25
72.25
72
71.75
72
72
71.75
70.75
69.5
69.25
69.5
71
69.75
67.25
68.75
69.5
70.5
71.5
70.25
70.25
70.25
71
70.5
71
71.25
71.25
72
72.5
72
74.25
74.5
74.25
74.25
74.25
74.25
73
72
73.5
73.5
74
74
73.75
72.5
73
73.75
73.75
74.25
74.75
74.25
73
73.25
73.25
74
73.75
74.5
73.75
75
75.5
77
77
77.25
77
77
78
76.25
77.5
78.25
78.75
78.25
78
80
79.25
80
80
80.25
80
79.5
78.25
79
80
80.75
81
80.25
80
80.25
80.5
79.25
78.25
75.5
75.5
74.75
74.25
74.75
75.25
73
74.5
75.5
75.5
74.25
73.75
75
75
75.25
75
73.25
74
74.75
74.25
74.25
75.25
74
72.25
73.75
73
74.25
74
74.75
75.5
74.75
75
75
74.25
72
71
71.25
71.5
68.75
68
69.5
69.5
70.5
70.25
70.75
73
73
71.5
70.5
70.75
70.5
70
70
69.25
67.75
64.5
65.25
63.25
64.75
62.5
62.75
59.75
61.25
62.5
63.25
64.25
63.5
60.25
61.25
60.5
52.75
56.5
50
49.5
49
47
53.75
47.25
48
50.25
50.75
50.5
49.75
50.75
49.5
50.25
50
57.5
56.75
56.75
57.25
55.75
56.25
54.75
54
58.5
62
60.5
61.25
60.25
58.75
58.75
59.5
60
62.25
60.5
59.5
59.75
60
61
60.25
59.75
59
58.5
60
59.5
58.75
57.25
58
59.25
61.5
61.25
62
61.75
63.5
67.5
67
67
65.75
66.5
64
65
62.5
63.25
63.25
61.75
61.5
60
60.25
59.75
59
59
59.25
60.5
60
61.75
60.25
59.5
57.5
56.25
55
54.5
54.25
55.25
55
55.75
55.5
56.5
56.5
56.25
55.25
54.5
52.25
51.5
49.75
51.25
49.5
49.75
49
49
53.25
56.25
54
54.25
55.25
53.25
52.75
54
56.75
57
57
56.75
56.75
56
56.25
57
58.25
58.25
58
58
58.25
58
59.5
61.5
60.25
60.25
59.5
59
59
56.5
57.5
58.75
58
56.5
56.5
56
56.25
55.5
57.25
57.25
57.5
57.5
57.25
55.75
56
53.5
54.25
55
54
53.75
54.25
53
51.25
51.75
52.75
53
54.5
56.75
55.75
57.25
67.75
67.75
65.5
65.5
65.75
66
66.75
67
67.75
68.25
67.25
67
67.25
66.25
64
65.5
64.25
64.75
66.25
67.5
68
64.75
66
67
66
65
62.25
62.25
61.25
61.75
62.5
61.5
62.5
62.25
61.75
64.5
63.25
64.75
65.25
63.5
61.75
61.75
61.25
60.75
60.5
60.75
61.25
60.5
59.75
59.75
60.25
60.25
60
59.5
60.75
62
61.75
61.5
64
64.75
64
63.75
63.25
62.75
63.25
62.25
61.75
61
61.25
64
63.5
64
64.75
65.25
68
66.5
67
66.5
68
68.5
69.5
69
68.25
68.5
68.5
68.25
67.25
67.25
67.25
67
67
67.75
68.25
69
69
68.25
69.75
68.25
65.75
66.25
66.75
65.75
65.5
66.5
65.75
64.75
63.75
63
63.5
60.75
62.75
63
62
60
61
61.5
60.75
60.75
60
60
59.75
60.5
60.75
60.75
60.25
60.75
60.75
61
63
62.25
63
64.75
64.5
64
64.5
64.75
64.75
65
68.5
67.25
67.5
67.25
67.5
66
65.75
66
65.75
64
63.5
62
62.75
62
62.5
62.25
61.75
62.25
61.75
60.5
60.25
61.25
62.25
61.75
60.25
60.5
59.75
58
58.25
58.25
58.25
58.75
57.25
56.5
57
57.5
57.5
56.5
55.75
58.25
57.75
56.75
56
56.25
57.25
58.75
58.5
59.5
61.5
61.75
62
62.5
62.75
63.75
63.75
62.5
62.75
63.5
63
63.25
63.25
61.75
60.75
62
62.25
61.75
62.25
61.75
61
62.25
62.25
62.5
62.25
62
62
61
61.25
62.75
64.25
63.75
63.75
64.25
64.25
67.75
67.5
67.5
67
66
65.5
65.75
65
64
64
64.25
64.5
64.5
65
64.75
65
65.5
67.75
67
66.75
66.25
66.5
66.5
66.5
66.75
66.75
66.5
66.5
66.75
66.75
66.75
63
59.75
59.75
60
59.5
59.25
61.5
62
61.75
61.5
61.75
60.75
60.5
59.5
59.5
59.25
59.25
60
60.25
59.75
60
61
61
61.75
61.75
60.5
61.25
60.75
60.25
60.5
60.75
60.5
61.5
61.25
61.25
62.5
63
62
62
62.75
63
64
63.75
64.25
64
64
64.25
64
63.5
65.5
65.5
65
63.75
64.5
65
65.5
65
63.5
64.25
62.75
63.25
64.25
63
62.75
64.75
64
62.5
62.75
64.25
64.25
64.25
64
63.25
64
65
65
65
64.5
64.5
65
65
65.5
66
66
66.25
66.5
67
67.5
67
66.75
67
68
67.25
67.25
67
68
67.75
67.75
68
68
67
66.75
67.25
67.25
66.5
66.25
67
66.5
66
67
67.5
68
68
69
69.5
69
69.25
69.75
69
69.5
69.75
69.5
69.25
69.5
68.5
69
68.5
68.75
68.25
68
68.25
67.5
67.75
69.25
69.75
69.5
69
69.75
70.25
72
71
71
70.5
71
70.25
70.5
71.25
70.75
70.75
70
69.75
69.75
70
69.5
70
69.5
70
69.5
69.25
70.25
71
70.5
70.75
71.25
71.75
72
71.75
72
72.5
72.5
71.5
72
72
72
71.25
71.5
71.5
72.5
72.25
71.25
72.5
72.75
72
72.25
72.25
72
72.25
72
72.5
72.75
73.25
73.25
72.5
73
73
73.25
73
73
73.75
73.25
73.5
73
73
72.5
71.75
72.25
72.25
72.5
73
72.5
71.5
71
70.25
72
72
73
73.5
73.75
73.75
73.75
73.5
74
74.25
74.75
74.5
74.5
74
74.25
74.75
74.75
75.75
75.25
75.75
74.5
74.5
74
74.75
74.5
74.75
74.5
74.25
74
74.5
75
74
73.75
74.25
74
74
73.5
74.25
74.25
73.25
73.5
73.75
73.75
73.25
73
73
73.75
75.5
75.5
76.25
75
75
74.5
75
75.5
75.25
75.25
74.25
74
73.5
73.25
73.25
75
74.5
74.75
74.75
75.25
75
75.25
75.5
75.25
74.25
74.75
74.5
73.75
73.75
73.5
74
73.5
73
72.75
71.75
73
72.75
72.5
73
73
72
72.5
72.5
72.25
72.75
72.5
71.75
70.5
69.75
69.75
69.5
68.5
67.75
66.25
70.75
70.5
70.5
70
70.25
71.25
71.75
72
71.75
71.75
71.75
71
71
71.5
71.75
71.75
72
72.5
72.75
72.5
72.75
72.5
72.5
72.25
72.25
72.75
72.25
73
73
73.25
73.5
73.25
73.75
73.25
73.75
73.5
73.25
73.25
72
72
71.5
70.25
72
70.5
70.75
70.25
70
70.5
70.75
70.75
70.75
70.75
70.25
70.5
71.25
72.25
71.75
71.75
71.5
71.5
71.25
71.5
72.25
72.5
72.25
71.5
71.75
71.5
71.25
71.25
72
71.75
71.75
71.75
71
71.25
70.75
70.75
71.25
69.25
70.25
71
71.5
71.75
70.5
71.75
71
70.75
71
71.25
71.5
71.5
70.5
70.75
70.75
70
70
71
71.25
70.75
70.25
70.75
70.75
70.5
70.75
71.75
72
71.5
72
73.25
73.25
72.5
72.75
72
72
71.75
71.75
71
71.25
71.25
71.25
71.5
71.25
70.75
70.25
69.75
70
70.25
69.5
69
69.5
69.25
69.75
70.5
70
68.5
69.25
68.75
68.75
68.5
68.75
68.5
66.75
68.25
68.75
68
66.75
65.75
66.75
66
67
67.25
66.75
66.75
68.5
68.75
68.5
68.5
68.75
69
67.5
67.75
68.25
68.5
68.75
69
69
67.25
66
62.25
62.5
61
60.5
59
59.5
58.5
60
60
60
60
59.5
59
59.75
61
60.75
60.25
59.5
60.5
60.25
60.5
60
60.25
59.75
62.25
62.5
64
63.5
63
62.75
63
62.5
63
62.5
63
61.25
61.5
60.75
60
59.25
60.25
59.75
59.5
60.75
60.5
59.75
61.75
62.75
63.75
64.5
64.5
64.25
64.5
65.25
63.25
63.25
63.5
63.25
63.25
63.25
63.5
64.25
64.5
64.5
63.75
63.5
65.5
64.75
64.25
64.75
65
66.5
65.5
65.5
66
66.5
66.5
66
65
65.5
65.75
65.25
65
64.5
65.5
65.25
65.5
65.5
65.5
65.25
