6.05
6.2
6.35
6.45
6.8
6.55
6.15
6.25
6.05
6.05
6.05
6.1
6.05
6.05
6.05
6.05
6.05
6.05
6.05
6.05
5.4
5.35
5.35
5.7
5.55
5.8
6.05
5.9
6
5.95
5.95
5.95
5.9
5.9
6
5.95
5.9
5.65
5.65
5.85
5.95
5.95
5.95
5.95
5.9
5.85
5.8
5.65
5.75
5.8
5.8
5.8
5.75
5.85
5.7
5.65
5.5
5.65
5.55
5.7
5.75
5.75
5.75
6.25
6.05
5.95
6.05
5.8
5.95
5.9
6
5.6
5.55
5.5
5.4
5.35
5.4
5.6
5.55
5.5
5.55
5.6
5.7
5.7
5.7
5.75
5.6
5.6
5.55
5.65
5.15
5.05
4.68
4.9
4.88
5.2
5.15
5.2
5.25
5.2
4.74
4.82
4.62
3.64
3.72
3.22
3.34
3.4
3.12
3.54
3.02
2.94
3.08
3.12
3.22
3.12
3.26
3.26
3.52
3.52
4.04
4.14
4.48
4.72
4.7
4.86
4.6
4.64
4.88
5
4.92
4.86
5.05
4.84
4.92
5.1
5.3
5.5
5.2
5.15
5.15
5.1
5.2
5.1
4.92
4.78
4.68
4.72
4.56
4.42
4.42
4.8
4.8
4.78
4.78
4.74
4.64
4.68
4.74
4.8
5.05
4.78
5.05
4.92
4.78
4.5
4.58
4.64
4.6
4.56
4.22
4.26
4.04
3.78
3.8
3.76
3.86
3.96
4.24
4.24
4.1
4.08
4
4
4
4.02
4
4
4
4.06
4.1
4.02
4.04
4.02
4
3.82
4.02
3.84
4
3.96
3.96
3.92
3.88
3.92
3.94
3.88
3.92
3.92
3.84
3.76
3.76
3.84
3.94
4.02
3.96
3.96
3.96
3.94
3.98
3.98
4
3.88
3.94
3.92
3.9
3.92
3.96
3.94
3.94
3.9
3.84
3.84
3.78
3.72
3.72
3.66
3.5
3.52
3.34
3.38
3.36
3.48
3.48
3.36
3.36
3.32
3.32
3.12
3.14
3.1
3.02
3
2.96
2.94
2.88
2.92
2.92
3.2
3.14
3.1
3.26
3.24
3.4
4.08
4.14
4
4.1
4.06
4.02
4.06
4.06
4.32
4.48
4.32
4.38
4.58
4.94
4.78
4.7
4.74
4.78
4.8
5.05
5
5.15
5.15
5.1
5.1
5.1
4.6
4.92
4.82
4.78
4.78
4.62
4.82
4.56
4.6
4.76
4.74
4.74
4.78
4.76
4.76
4.86
4.88
4.82
4.9
4.88
4.78
4.78
4.68
4.62
4.64
4.72
4.6
4.6
4.54
4.74
4.72
4.92
5.1
5
5
4.9
4.8
4.74
4.8
4.72
4.72
4.68
4.7
4.98
4.8
4.86
4.86
5.05
5.1
5
5
5.35
5.2
5.45
5.5
5.5
5.3
5.3
5.4
5.5
5.2
5.25
5.15
5.05
5.05
5.15
5.2
5.15
5.1
5.05
5.05
5
4.88
4.9
4.92
4.8
4.74
4.92
4.86
4.8
4.76
4.68
4.54
4.68
4.84
4.8
4.76
4.62
4.76
4.78
4.78
4.72
4.72
4.68
4.64
4.64
4.78
4.76
4.8
4.66
4.7
4.74
4.84
4.8
4.78
4.92
4.82
4.82
4.94
4.94
5.1
5.05
5.15
5.05
5
4.96
4.8
4.72
4.62
4.62
4.66
4.6
4.56
4.42
4.3
4.34
4.34
4.22
4.22
4.22
4.1
3.96
4
3.98
4.16
4.12
4.02
4.04
4
3.82
3.86
3.86
3.82
3.8
3.78
3.66
3.7
3.76
3.86
3.72
3.68
3.86
3.92
3.88
3.9
3.88
4.08
4.14
4.2
4.2
4.26
4.24
4.32
4.32
4.32
4.4
4.34
4.24
4.18
4.22
4.24
4.22
4.22
4.14
4.18
4.3
4.32
4.32
4.36
4.38
4.26
4.32
4.44
4.54
4.54
4.46
4.48
4.66
4.5
4.62
4.68
4.68
4.68
4.68
4.58
4.78
4.74
4.68
4.7
4.66
4.62
4.62
4.56
4.48
4.52
4.48
4.56
4.52
4.48
4.42
4.56
4.56
4.74
4.7
4.68
4.7
4.68
4.66
4.74
4.74
4.74
4.68
4.58
4.54
4.54
4.52
4.3
4.22
4.28
4.26
4.26
4.24
4.4
4.34
4.38
4.44
4.42
4.44
4.5
4.54
4.54
4.58
4.72
4.7
4.66
4.66
4.68
4.74
4.64
4.82
4.76
4.56
4.54
4.48
4.5
4.58
4.62
4.56
4.6
4.58
4.62
4.68
4.7
4.68
4.72
4.76
4.76
4.76
4.9
4.88
4.88
4.9
4.86
4.84
5
5.1
4.88
4.94
4.94
4.96
5
5
5
4.92
5
4.86
4.92
4.8
5.1
5
5
5
4.76
4.74
4.82
4.88
4.92
4.94
4.86
4.94
4.96
5
4.94
4.96
4.92
5
4.96
4.98
5
5.05
5.1
5
4.88
4.9
4.84
4.9
4.88
4.9
5
5
4.98
5
5
4.94
4.92
4.88
4.88
4.84
4.94
4.96
4.9
4.84
4.82
4.84
4.7
4.76
4.86
4.9
4.78
4.84
4.88
4.88
4.9
4.96
4.94
5.05
5.1
5.1
5
5.05
4.92
4.92
5
4.94
4.82
4.82
4.84
4.8
4.86
4.86
4.9
4.88
4.9
4.9
4.92
4.96
4.94
4.88
4.88
4.84
4.78
4.78
4.84
4.86
4.88
4.82
4.82
4.82
4.94
4.92
4.92
4.94
5
5
5
5
5.05
5.1
5
5.05
5
5.05
5.15
5.2
5.3
5.35
5.35
5.4
5.45
5.5
5.4
5.6
5.55
5.55
5.5
5.45
5.6
5.6
5.55
5.5
5.5
5.7
5.75
5.65
5.65
5.9
5.95
6
6
5.95
5.95
5.9
5.9
6
5.85
5.85
5.8
5.75
5.8
5.8
5.6
5.75
5.75
5.75
5.7
5.65
5.75
5.7
5.85
5.85
5.75
5.9
5.85
6
5.95
6
5.95
6.1
6.1
6.1
6.05
6
5.95
6
5.85
6
6.1
6
6.05
5.95
6
5.85
6.15
6.4
6.3
6.25
6.35
6.25
6.2
6.3
6.25
6.2
6.1
6.1
6.25
6.2
6.25
6.3
6.15
6.15
6.2
6.15
6
6.05
6.05
6.05
6.25
6.3
6.4
6.3
6.35
6.35
6.4
6.4
6.3
6.15
6.05
6
6.15
6.15
5.95
6
6.2
6.1
6.05
6.05
6.2
6.1
6.1
6.05
5.95
5.8
5.8
5.8
5.85
5.85
5.75
5.7
5.85
5.9
5.75
5.75
5.75
5.85
5.85
5.85
5.85
6.05
6
5.95
5.9
5.8
5.9
5.8
5.9
5.85
5.8
5.65
5.4
5.25
5.35
5.35
5.4
5.35
5.45
5.6
5.65
5.6
5.65
5.8
5.8
5.75
5.8
5.8
5.8
5.7
5.6
5.7
5.6
5.6
5.6
5.45
5.35
5.35
5.35
5.4
5.3
5.35
5.4
5.3
5.3
5.35
5.65
5.5
5.45
5.5
5.45
5.45
5.45
5.35
5.25
5.15
5.15
5.25
5.25
5.15
5.1
5.1
4.92
4.92
4.82
4.88
4.84
4.94
5.05
5
5.1
5.25
5.3
4.96
4.88
4.9
5.05
4.9
4.9
4.88
4.84
4.76
4.78
4.84
4.94
4.84
4.88
4.82
4.66
4.6
4.64
4.66
4.5
4.44
4.62
4.6
4.5
4.5
4.46
4.4
4.34
4.34
4.36
4.42
4.48
4.32
4.24
4.26
4.28
4.24
4.3
4.36
3.92
3.92
3.98
4
3.98
3.96
4.06
4.06
4.12
4.1
4.16
4.38
4.42
4.36
4.26
4.16
4.1
4.14
4.18
4.14
4.1
4.1
4.08
4.12
4.06
4.06
4
3.94
3.96
4.04
4
3.92
3.84
3.74
3.9
3.84
3.78
3.64
3.68
3.68
3.66
3.62
3.7
3.68
3.46
3.66
3.6
3.58
3.48
3.48
3.52
3.48
3.5
3.52
3.46
3.42
3.54
3.58
3.6
3.56
3.6
3.52
3.64
3.54
3.5
3.64
3.64
3.64
3.8
3.8
3.8
3.74
3.64
3.58
3.64
3.64
3.7
3.72
3.68
3.74
3.74
3.72
3.54
3.44
3.48
3.58
3.56
3.56
3.56
3.54
3.48
3.5
3.5
3.56
3.56
3.64
3.84
4.04
4.14
4.12
4.1
4.12
4.06
4.08
4.1
4.18
4.02
3.94
3.84
3.84
3.7
3.9
3.88
3.84
4.04
4.02
3.98
4.02
4.06
4.06
4.08
4.16
4.04
4.04
4
4.12
4.08
4.04
3.94
3.9
3.88
3.96
4
3.98
3.92
3.82
3.86
3.8
3.74
3.74
3.78
3.78
3.84
3.8
3.82
3.86
3.9
3.92
3.92
3.88
3.88
3.94
3.96
3.94
4.06
4.12
4.12
4.1
4.14
4.22
4.16
