11.20
10.82
10.69
10.95
11.07
11.07
11.26
11.33
11.96
12.16
11.96
9.94
9.86
10.45
10.53
10.79
10.53
10.45
10.70
10.87
11.38
10.95
11.04
10.87
10.45
10.45
10.20
10.03
10.03
10.20
10.28
10.45
10.53
10.28
10.20
10.20
10.20
10.45
10.62
10.45
10.11
10.20
10.28
11.12
10.79
10.45
10.87
11.21
11.63
11.80
12.05
11.88
12.22
12.30
12.39
12.39
13.14
13.31
13.31
13.23
13.31
13.23
13.82
13.82
13.82
13.99
14.07
13.99
13.40
12.98
13.14
13.57
13.14
13.23
13.23
13.57
13.99
13.65
13.90
13.40
13.65
13.65
13.23
13.48
13.23
13.14
13.23
12.81
12.64
13.06
12.89
12.89
13.48
13.40
13.40
13.23
13.14
13.40
13.06
13.73
13.48
12.55
12.22
11.96
12.22
12.30
12.30
12.64
12.64
12.47
12.55
12.89
12.98
13.14
13.40
13.14
13.14
13.23
13.40
13.65
14.24
14.66
14.75
13.90
13.65
13.65
13.90
14.58
15.59
16.01
15.59
16.43
16.18
15.84
15.76
16.01
15.59
15.42
16.51
16.94
16.60
16.18
16.68
16.26
17.27
17.19
17.27
16.60
16.01
15.84
15.34
15.50
14.91
15.76
15.93
15.76
16.18
15.84
15.76
15.76
15.84
15.67
15.67
15.59
15.59
15.59
16.18
16.01
15.76
15.76
15.93
15.59
15.59
15.42
15.76
15.59
15.84
15.76
15.93
16.18
16.77
16.51
16.94
16.60
17.10
16.68
16.60
16.51
16.51
16.43
16.35
16.26
16.26
16.43
16.60
16.85
16.51
16.51
16.18
16.35
16.26
16.18
16.18
16.18
16.09
16.09
15.76
15.93
16.18
16.51
16.68
16.43
16.51
16.35
16.35
16.35
16.43
16.51
16.51
16.68
16.94
16.94
16.60
16.43
16.43
16.43
16.01
15.84
16.18
16.09
16.43
16.35
16.35
16.35
16.18
16.18
16.35
16.35
16.60
16.85
16.68
16.68
16.85
17.53
17.27
17.36
17.27
17.78
17.78
17.44
17.27
17.27
17.36
17.44
17.36
16.43
16.26
16.43
16.18
16.35
16.35
16.35
16.09
16.18
15.59
15.08
15.08
14.83
15.25
15.00
14.83
14.91
14.91
15.50
15.42
15.50
15.17
15.08
15.08
15.00
14.58
14.58
14.66
14.75
14.75
14.75
14.75
14.83
15.08
15.25
15.00
15.17
15.00
15.00
14.66
14.75
14.66
14.66
14.66
14.58
13.90
13.99
13.90
13.82
13.40
13.06
13.31
13.23
13.48
13.31
13.40
13.31
13.57
13.90
13.90
13.82
13.82
13.73
13.73
13.73
13.73
14.16
14.24
14.16
14.24
14.58
14.58
14.49
14.41
14.41
14.41
14.41
14.07
13.99
13.99
13.99
14.32
14.16
14.49
14.66
14.75
14.66
14.83
14.66
14.66
14.66
14.75
14.66
14.58
14.75
14.66
14.16
14.41
14.41
14.24
14.24
14.24
14.32
14.66
15.00
15.00
14.83
14.66
14.83
14.83
14.75
14.75
14.83
14.75
14.66
14.75
15.08
15.00
15.00
15.00
14.83
14.58
14.24
14.41
14.41
14.32
14.75
14.75
14.66
14.58
14.41
14.75
14.75
14.75
14.66
14.49
14.58
14.66
14.41
14.41
14.41
14.41
14.41
14.49
14.41
14.32
14.24
14.41
14.32
14.41
14.41
14.41
14.41
14.32
14.32
14.41
14.49
14.49
14.75
14.91
15.76
15.76
16.01
16.01
15.84
15.84
15.76
16.51
16.43
16.43
17.36
17.53
17.27
18.12
18.28
18.37
18.28
18.71
18.79
18.62
19.04
17.69
17.53
17.95
17.95
17.69
18.45
18.96
18.96
19.21
18.96
18.37
18.20
18.20
17.69
17.53
17.69
17.86
17.78
17.53
18.37
18.28
18.20
18.12
17.95
18.20
18.71
19.80
19.55
19.80
19.13
19.55
19.30
17.86
18.12
17.95
18.28
18.54
18.87
18.62
18.54
17.78
17.61
17.53
17.44
17.10
17.27
17.27
17.02
16.68
17.10
17.10
16.85
16.51
16.77
16.94
16.94
17.27
17.19
17.02
16.26
16.51
16.51
16.43
16.35
16.09
16.09
16.26
16.35
17.36
17.27
16.94
16.94
16.60
16.51
16.77
17.19
17.27
17.61
18.03
18.20
18.12
18.03
17.95
18.03
17.10
17.27
17.44
17.36
17.69
17.95
17.86
18.45
18.28
18.20
18.12
18.03
18.37
18.37
18.37
17.86
17.61
16.94
17.36
16.85
16.68
16.60
16.26
16.51
16.35
16.43
16.85
16.94
16.94
16.77
16.60
16.94
17.27
17.19
17.44
17.10
17.10
16.85
17.10
17.19
17.61
17.53
17.53
17.69
17.78
17.78
18.03
17.61
17.53
17.44
17.36
17.61
17.53
17.19
17.19
16.94
16.77
17.10
17.02
16.85
16.85
16.77
16.60
16.85
17.19
17.10
17.02
17.10
16.94
17.02
16.68
16.68
16.60
16.26
16.09
15.84
16.18
16.26
16.09
16.35
16.26
16.43
16.51
16.43
16.43
16.35
16.18
16.09
16.18
16.09
16.01
15.67
15.93
15.67
15.76
15.84
15.42
15.50
15.50
15.59
15.34
14.91
14.75
14.16
14.49
14.32
14.41
14.41
14.66
14.75
14.91
14.91
14.91
15.08
15.17
15.08
14.75
14.58
14.83
14.75
14.58
14.75
14.32
13.99
13.65
13.90
14.24
14.16
14.24
14.16
14.24
15.08
15.00
14.75
14.75
14.41
14.41
14.16
14.07
13.99
13.73
13.90
13.65
13.82
13.57
13.06
12.98
12.98
12.47
12.55
12.39
13.23
13.82
13.73
13.65
13.73
13.73
13.40
13.57
13.65
13.99
13.90
13.73
13.99
13.90
14.24
14.24
14.07
13.82
13.82
13.99
13.99
14.16
14.32
14.24
14.24
13.99
13.99
14.07
14.16
13.99
13.82
13.82
13.90
14.07
13.90
13.90
13.82
13.73
13.73
13.57
13.57
13.73
13.73
13.65
13.57
13.57
13.31
13.40
13.48
13.31
13.31
13.48
13.48
13.48
13.73
13.48
13.65
13.57
13.57
13.65
13.90
13.90
13.99
13.73
13.65
13.48
13.48
13.48
13.48
13.57
13.48
13.82
13.82
13.73
13.99
13.90
13.82
13.90
13.82
13.65
13.73
13.57
13.40
13.31
13.40
12.81
12.30
12.30
12.13
11.96
11.96
12.39
11.96
12.13
12.39
12.72
12.55
12.64
12.55
12.72
12.64
12.39
12.39
12.55
12.55
12.55
12.22
12.22
12.05
12.22
12.39
12.47
12.30
12.47
12.47
12.64
12.81
12.64
12.81
12.39
12.39
12.13
12.30
12.39
12.13
12.22
12.30
12.22
12.30
12.22
12.22
12.30
12.55
12.47
12.47
12.30
12.22
12.05
12.05
12.05
11.96
11.71
11.63
11.29
11.04
10.87
10.11
9.94
9.52
10.03
10.11
9.77
10.03
9.69
10.03
9.69
9.44
9.44
9.69
10.70
10.79
10.70
10.70
10.62
10.70
10.70
10.79
10.62
10.70
10.70
10.45
10.36
10.11
9.77
9.86
9.94
10.11
10.03
10.03
10.11
9.94
9.94
9.86
9.94
10.11
10.62
10.45
11.21
11.21
10.36
10.45
10.03
10.03
9.94
9.77
9.86
9.94
9.69
9.61
9.44
9.77
9.77
10.36
9.86
10.03
10.03
10.20
10.28
9.94
9.94
9.77
9.77
9.61
9.61
9.69
9.52
9.61
9.52
9.77
9.86
9.94
9.86
9.77
9.77
9.77
9.69
9.69
9.69
9.61
9.69
9.77
9.69
9.69
10.11
10.11
10.03
9.94
10.03
9.94
10.03
9.94
10.03
10.20
10.28
9.69
9.77
9.35
9.61
9.61
9.69
10.03
9.77
9.86
9.77
9.52
9.35
9.35
9.27
9.27
8.59
8.51
8.59
8.59
8.51
8.30
8.68
8.68
8.76
8.76
8.51
8.51
8.51
8.43
8.43
8.43
8.38
8.30
7.67
6.99
6.87
6.24
6.28
5.98
5.90
6.07
6.24
6.28
6.02
4.76
4.93
5.01
4.34
4.34
4.03
4.01
4.21
4.30
4.84
4.13
4.15
4.26
4.42
4.42
4.34
4.47
4.51
4.89
4.84
5.27
5.10
5.10
5.14
5.35
5.39
5.10
4.68
4.72
4.89
4.68
4.59
4.72
4.68
4.72
4.63
4.72
4.93
4.89
4.68
4.63
4.68
5.35
5.52
5.48
5.43
6.24
6.19
6.36
6.28
6.07
6.07
6.15
6.11
5.94
5.27
5.39
5.56
5.77
5.90
5.86
5.65
5.56
5.48
5.35
5.22
5.18
5.39
5.39
5.56
5.43
5.35
5.18
5.14
5.10
5.10
5.14
5.14
5.27
5.31
5.43
5.39
5.31
5.06
5.01
4.97
5.10
5.01
5.06
5.06
5.18
5.10
5.06
5.01
4.89
4.55
4.68
4.59
4.84
4.76
4.72
4.68
4.72
4.80
4.72
4.63
4.51
4.55
4.42
4.47
4.42
4.51
4.72
4.84
4.93
4.89
4.84
4.76
4.80
4.84
4.76
4.84
4.76
4.72
4.63
4.68
4.63
4.59
5.22
5.01
5.31
5.31
4.97
4.84
4.89
5.01
4.89
5.39
5.39
5.22
5.48
5.56
5.48
5.39
5.56
5.52
5.43
5.35
5.18
5.48
5.39
5.43
5.60
5.90
5.86
5.65
5.52
5.94
5.98
5.94
5.81
5.77
5.81
5.94
6.19
6.11
6.19
6.24
6.15
6.40
6.53
6.99
6.99
6.74
7.08
7.37
7.37
7.20
7.33
7.37
7.63
7.84
7.92
7.54
7.54
7.67
8.51
8.76
9.52
9.18
8.93
9.10
9.27
9.61
9.10
9.52
9.27
9.44
9.35
9.52
9.18
8.09
8.17
8.43
8.68
8.30
8.43
8.34
9.10
8.93
8.85
8.76
8.85
9.10
9.35
8.93
8.76
9.52
9.10
9.02
9.18
9.10
9.18
9.52
9.61
9.94
10.28
10.11
10.11
10.03
9.52
9.44
9.27
9.10
9.69
9.86
9.61
9.61
9.61
9.44
9.18
9.18
9.18
9.27
9.18
9.61
9.52
9.44
9.52
9.44
10.28
10.36
10.20
10.20
10.45
11.04
10.79
10.62
10.53
10.53
10.36
10.20
10.45
10.20
9.86
10.28
10.45
10.28
10.20
10.03
10.03
9.86
10.11
10.20
10.36
10.36
10.36
10.70
10.62
10.79
10.11
9.94
9.86
10.03
10.11
10.11
10.20
9.94
10.03
10.11
10.20
10.62
10.87
11.04
11.63
11.54
12.05
11.80
12.30
12.30
12.22
13.31
13.06
12.98
12.89
13.48
13.14
13.06
13.06
12.89
13.06
13.48
13.40
13.14
13.14
11.21
11.38
11.29
11.46
11.29
10.95
11.12
11.12
11.54
11.63
11.46
11.80
12.05
11.63
11.29
11.46
11.29
11.21
11.38
11.21
11.29
11.38
11.46
11.46
11.71
11.54
11.46
11.46
11.38
10.00
10.30
10.30
10.10
10.20
10.10
10.20
10.20
10.50
10.40
10.70
11.00
10.90
11.00
11.40
12.90
12.60
12.20
12.40
12.60
12.40
12.80
12.70
13.00
12.80
12.30
12.50
12.50
12.50
12.60
12.90
12.70
12.40
13.00
13.40
13.90
14.50
14.00
13.50
13.60
13.60
13.40
13.10
13.00
12.70
12.30
12.50
12.10
12.10
11.60
11.10
11.40
11.00
11.10
10.70
10.80
10.60
10.60
11.10
10.80
11.00
11.00
10.70
10.70
10.70
10.70
10.60
10.80
11.10
11.50
11.50
11.00
10.70
10.30
10.60
10.60
10.70
10.70
10.70
10.70
10.80
10.80
10.70
11.10
11.00
10.60
10.80
10.80
10.60
10.60
10.60
10.70
10.60
10.60
10.60
10.90
11.00
11.20
11.20
11.20
11.20
11.20
11.20
11.20
10.90
10.90
10.90
10.80
10.80
10.60
10.70
10.70
10.70
11.10
11.00
10.90
10.80
10.90
10.90
11.30
11.40
11.30
11.30
11.50
11.40
11.20
10.90
10.80
10.90
11.10
10.80
10.90
10.90
11.30
12.10
12.50
11.70
12.10
11.70
11.70
11.30
11.50
11.20
10.80
11.00
11.00
11.10
11.00
11.20
11.20
11.30
11.30
11.40
11.50
11.20
11.00
11.10
11.10
11.10
11.30
11.10
10.90
10.80
11.20
11.60
11.80
11.80
11.90
11.60
11.60
11.60
12.20
12.30
12.20
12.40
12.50
12.50
12.10
11.80
11.50
11.60
11.90
11.90
11.70
12.20
12.20
12.10
11.80
12.20
12.10
12.10
12.40
12.40
12.60
12.90
13.30
13.00
13.10
13.00
13.00
13.40
13.30
12.90
12.60
12.50
12.80
12.70
12.40
12.20
12.50
12.50
12.60
12.60
12.40
12.20
12.50
12.20
12.40
12.60
12.90
12.80
12.60
12.50
12.80
12.90
12.80
12.80
12.90
13.00
13.10
13.40
13.30
13.10
13.30
12.80
12.80
12.60
12.70
13.20
13.30
13.40
13.60
14.00
13.90
13.90
13.90
14.50
14.50
14.60
14.60
14.80
14.90
14.50
14.00
13.90
14.30
14.50
14.20
14.00
14.30
14.40
14.30
14.00
14.00
13.70
13.30
13.40
13.70
13.60
13.40
12.80
12.70
12.40
12.40
12.30
12.10
12.40
12.40
12.70
12.30
12.60
12.60
12.70
12.80
12.70
12.40
12.70
12.60
12.40
12.50
12.50
12.30
12.50
12.60
12.50
12.60
12.90
13.00
12.90
12.60
12.70
12.80
12.70
12.50
12.50
12.50
12.40
12.60
12.80
13.10
13.10
13.00
12.70
12.90
13.10
13.20
13.30
13.50
13.40
13.30
13.60
13.60
13.70
13.60
13.60
13.50
13.60
13.50
13.60
13.40
13.50
13.40
13.70
13.70
13.70
13.40
12.80
12.80
12.30
12.50
12.50
12.40
12.30
12.50
12.40
12.40
12.40
12.30
12.70
12.50
12.50
12.50
12.30
12.30
12.00
11.60
11.60
11.60
11.50
11.30
11.20
11.00
10.90
10.90
11.10
11.00
11.00
11.10
10.90
11.10
11.30
11.20
11.30
11.20
11.20
10.90
10.80
10.90
10.90
10.80
10.90
10.80
10.80
10.70
10.40
10.60
10.20
10.50
10.20
10.50
10.70
10.90
10.80
10.80
11.00
11.00
10.80
10.80
11.10
11.00
10.80
10.90
10.20
10.00
9.95
9.80
9.60
9.60
9.50
9.45
9.40
9.15
8.90
9.10
9.10
9.00
9.05
8.90
8.60
8.60
8.30
8.15
8.15
8.40
8.10
8.05
8.05
8.30
8.35
8.15
8.15
8.10
8.20
8.20
8.25
8.20
8.30
8.35
8.45
8.65
8.75
8.75
8.70
8.90
8.80
9.05
9.00
9.10
9.05
9.10
9.15
9.00
8.90
8.70
8.65
8.85
8.95
9.05
9.15
9.00
8.95
8.80
8.80
8.75
8.75
9.00
9.15
9.15
9.45
9.25
9.35
9.40
9.45
9.35
9.70
9.75
9.40
9.25
9.35
9.35
9.30
9.40
9.60
9.35
9.25
9.05
8.95
8.65
8.80
8.85
8.75
8.80
8.85
9.05
8.80
8.75
8.60
8.30
8.15
8.10
8.40
8.45
8.25
8.25
8.10
7.95
7.90
7.90
7.65
7.70
7.65
7.65
7.85
7.75
7.70
7.75
7.90
8.00
8.00
7.70
7.65
7.70
7.75
7.95
7.90
8.00
7.90
7.90
7.90
8.05
7.90
7.80
7.85
7.80
7.30
7.45
7.65
7.60
7.55
7.65
7.75
7.65
7.55
7.45
7.65
7.70
8.00
8.05
8.15
8.10
8.10
8.00
8.00
7.85
7.85
7.70
7.80
7.80
7.70
7.45
7.50
7.45
7.40
7.00
6.75
6.60
6.30
6.40
6.50
6.50
6.40
6.60
6.75
6.75
6.65
6.70
6.70
6.80
6.90
6.80
6.70
6.70
6.65
6.50
6.60
6.60
6.60
6.60
6.55
6.35
6.55
6.65
6.45
6.40
6.45
6.50
6.55
6.50
6.35
6.20
6.25
6.35
6.25
6.30
6.45
6.15
6.10
5.85
5.90
5.85
5.90
5.95
5.95
5.80
5.95
6.10
5.80
5.65
5.70
5.60
5.40
5.40
5.30
5.55
5.45
5.65
5.60
5.45
5.55
5.70
5.80
5.70
5.70
5.65
5.70
5.55
5.55
5.55
5.60
5.50
5.55
5.60
5.60
5.60
