177.50
167.50
162.00
162.50
163.00
164.50
168.00
170.00
168.50
166.50
163.00
164.00
164.50
162.50
161.00
164.00
166.00
167.00
165.00
160.50
156.50
157.00
155.00
152.00
154.00
154.00
154.00
154.00
153.50
156.50
158.50
160.50
164.00
163.50
163.00
162.00
163.00
165.50
165.00
164.50
163.50
163.50
162.50
164.00
164.50
158.50
158.00
157.00
158.00
158.00
161.00
158.00
157.50
159.00
160.00
158.50
163.50
165.00
164.50
164.00
161.50
165.00
166.50
166.50
170.50
171.50
172.00
171.50
166.00
166.00
164.50
165.50
170.50
170.50
167.00
165.50
169.00
167.00
168.00
174.50
176.50
176.50
175.00
177.00
174.00
173.50
177.50
175.00
176.50
174.50
175.00
171.50
172.50
172.00
171.00
169.50
168.00
168.50
167.50
165.00
165.00
162.50
164.50
163.00
168.50
168.00
167.00
168.00
168.00
166.00
166.50
168.00
167.00
164.50
163.00
162.00
163.00
162.50
163.00
167.00
167.00
166.50
165.00
161.00
157.00
154.00
155.00
161.00
158.50
154.50
157.50
162.00
163.50
162.00
159.50
161.00
160.50
159.50
159.50
157.50
156.00
153.50
156.00
159.00
161.00
162.00
160.00
156.50
156.00
155.00
156.00
156.50
156.00
156.00
157.00
155.50
155.00
154.50
154.50
156.00
156.00
155.50
155.00
155.50
157.00
158.50
159.50
158.00
157.00
157.50
157.00
156.00
155.50
156.50
158.00
157.50
158.00
158.00
159.00
159.50
163.00
164.00
164.50
164.00
168.00
167.00
166.00
169.00
168.50
167.00
166.00
166.00
168.50
168.00
171.00
175.50
176.00
174.00
174.50
174.50
175.50
175.50
178.50
180.50
180.00
179.00
181.00
182.50
179.00
179.00
180.00
180.00
180.00
177.00
177.00
176.50
176.50
177.00
177.50
181.00
183.00
182.50
180.00
182.00
182.50
182.00
182.00
182.00
182.50
182.00
184.00
185.00
185.50
185.00
182.50
183.00
183.00
181.50
181.00
181.00
181.50
181.50
181.00
182.00
181.50
183.00
182.50
187.50
186.50
186.50
188.00
183.50
180.00
178.50
180.00
180.00
180.00
179.50
179.50
180.00
180.50
182.00
181.50
181.50
180.50
181.50
179.00
179.50
178.00
179.50
180.00
180.00
180.50
182.00
181.50
182.00
180.00
180.50
180.00
180.00
181.00
180.50
181.50
180.00
181.00
180.00
179.00
180.00
180.00
180.00
179.00
180.00
180.50
181.00
180.00
181.00
181.00
181.50
182.00
183.50
184.00
185.00
185.00
184.50
185.50
185.50
185.00
187.00
187.50
189.50
188.50
188.50
186.00
184.50
182.50
180.50
180.00
180.00
180.50
181.50
179.50
179.50
180.00
182.00
179.00
180.50
181.00
181.00
181.50
181.00
180.50
178.50
179.00
179.50
181.00
183.50
183.50
181.50
181.50
183.00
186.00
186.00
184.50
186.00
186.00
183.50
184.00
186.00
186.50
189.00
188.00
188.00
190.00
190.50
191.50
189.50
187.50
187.00
185.50
186.50
186.00
185.50
184.50
186.50
189.00
188.00
188.00
189.00
188.00
187.50
189.50
190.00
189.00
194.50
196.00
193.50
189.50
192.50
190.00
188.00
188.50
189.00
193.00
194.50
192.00
192.00
192.00
190.00
191.00
191.50
191.50
190.50
193.00
193.00
196.00
196.50
195.50
196.00
199.50
199.00
199.50
198.50
197.50
203.00
199.50
203.00
203.00
203.00
205.00
205.00
206.00
203.00
204.00
204.00
203.00
206.00
206.00
205.00
205.00
206.00
204.00
203.00
201.00
202.00
205.00
205.00
206.00
207.00
208.00
206.00
208.00
209.00
212.00
212.00
213.00
213.00
212.00
211.00
215.00
215.00
211.00
210.00
209.00
207.00
207.00
208.00
210.00
208.00
206.00
204.00
206.00
208.00
206.00
205.00
206.00
206.00
206.00
208.00
205.00
206.00
206.00
206.00
208.00
210.00
211.00
210.00
208.00
208.00
206.00
209.00
210.00
211.00
209.00
209.00
210.00
209.00
208.00
206.00
203.00
204.00
202.00
200.00
202.00
202.00
198.00
197.00
199.50
198.50
188.50
189.00
193.00
194.50
197.50
197.00
201.00
205.00
201.00
203.00
196.00
191.00
191.50
192.50
194.50
193.00
195.00
194.00
191.00
189.00
191.50
188.00
187.00
190.00
192.00
191.50
191.00
187.00
188.50
193.50
194.00
193.50
192.00
193.50
195.50
192.50
189.00
189.50
189.50
195.00
194.50
195.00
195.50
196.50
198.00
198.00
199.50
199.50
197.50
195.00
197.00
195.00
192.50
192.50
193.50
194.50
194.50
195.50
197.00
196.00
196.00
194.50
197.00
197.00
197.50
196.00
193.00
193.00
193.00
194.00
194.00
193.00
197.50
202.00
205.00
203.00
204.00
206.00
206.00
203.00
205.00
205.00
206.00
206.00
208.00
206.00
204.00
201.00
204.00
205.00
206.00
206.00
207.00
207.00
207.00
210.00
209.00
207.00
206.00
205.00
206.00
205.00
204.00
205.00
202.00
202.00
202.00
201.00
209.00
209.00
209.00
213.00
211.00
208.00
208.00
211.00
211.00
211.00
212.00
210.00
210.00
209.00
208.00
208.00
210.00
208.00
210.00
212.00
208.00
210.00
212.00
213.00
213.00
211.00
210.00
209.00
207.00
206.00
206.00
207.00
207.00
212.00
214.00
214.00
216.00
215.00
215.00
214.00
212.00
213.00
210.00
210.00
210.00
206.00
205.00
207.00
207.00
205.00
209.00
210.00
207.00
206.00
208.00
210.00
211.00
209.00
207.00
206.00
206.00
209.00
207.00
206.00
205.00
208.00
206.00
207.00
206.00
203.00
202.00
199.00
203.00
203.00
205.00
203.00
208.00
207.00
208.00
205.00
206.00
208.00
206.00
206.00
203.00
199.50
205.00
208.00
210.00
212.00
209.00
210.00
212.00
211.00
215.00
215.00
213.00
213.00
212.00
211.00
211.00
212.00
211.00
211.00
210.00
207.00
206.00
207.00
211.00
211.00
212.00
211.00
208.00
209.00
209.00
206.00
209.00
206.00
207.00
206.00
207.00
208.00
210.00
209.00
208.00
209.00
209.00
208.00
208.00
208.00
207.00
208.00
207.00
207.00
207.00
208.00
209.00
208.00
209.00
210.00
209.00
210.00
209.00
210.00
211.00
209.00
210.00
210.00
206.00
206.00
204.00
204.00
204.00
203.00
205.00
205.00
206.00
207.00
203.00
201.00
202.00
202.00
199.50
200.00
201.00
201.00
202.00
199.50
200.00
199.50
194.50
195.00
194.50
196.50
198.00
200.00
200.00
199.00
200.00
201.00
200.00
199.50
199.00
199.50
200.00
201.00
203.00
200.00
200.00
199.50
198.50
198.00
197.00
198.50
197.50
197.50
196.50
197.00
197.50
196.00
197.50
196.00
196.50
195.50
193.00
192.50
190.00
190.00
185.50
186.50
186.50
185.50
182.50
181.50
179.00
177.50
177.50
177.00
171.50
169.00
172.50
171.00
165.00
167.00
173.00
173.00
169.00
170.00
171.00
172.00
169.50
169.00
167.00
168.50
171.00
170.50
168.50
166.50
167.00
168.00
168.50
171.00
177.50
180.00
177.00
173.00
172.50
176.50
179.50
180.00
177.50
179.00
180.00
176.00
175.00
173.50
173.00
168.50
168.50
165.50
167.50
167.00
168.50
166.50
169.50
167.00
167.00
166.50
167.50
167.50
168.50
164.00
165.00
165.00
166.50
176.50
174.00
174.00
176.50
176.00
178.00
179.00
178.00
175.50
177.50
174.50
173.50
173.00
173.50
174.00
176.00
177.50
178.50
179.00
177.00
176.50
178.00
176.50
174.00
173.50
170.00
169.50
171.50
169.00
161.50
151.50
151.50
156.00
156.50
159.00
158.00
160.50
160.50
161.00
160.00
159.50
160.00
163.50
160.50
156.00
156.50
153.00
154.50
154.50
153.00
152.50
152.00
154.50
154.00
150.00
147.50
151.00
148.50
147.50
143.50
142.00
141.00
143.00
144.00
143.00
144.00
143.50
147.00
148.50
146.50
148.00
148.00
147.50
146.00
142.50
140.50
140.00
142.00
138.00
138.00
128.00
132.50
131.50
134.00
136.00
134.50
130.00
128.50
119.00
120.00
118.50
106.50
102.00
95.75
91.75
93.50
89.00
97.50
88.00
91.00
92.00
93.50
98.00
96.00
100.50
98.75
97.25
95.75
100.50
105.00
106.00
106.50
109.00
116.50
116.00
111.00
115.00
119.00
111.00
104.50
104.50
103.00
101.00
100.00
100.50
104.00
100.50
96.25
96.00
98.00
97.25
96.00
95.25
94.25
94.25
96.75
96.00
96.75
95.25
96.75
98.50
102.50
109.50
109.00
115.00
115.50
128.00
126.50
121.50
123.00
126.00
124.50
121.00
113.00
116.50
118.00
116.50
115.50
105.00
106.00
107.50
109.00
108.00
108.00
107.00
108.00
109.50
107.50
107.00
109.00
108.50
107.50
106.50
106.50
109.00
108.50
109.50
106.50
108.50
102.50
105.00
104.00
100.00
100.00
99.50
98.50
100.00
102.00
100.00
100.00
99.25
104.00
109.50
106.50
105.00
107.00
105.50
102.50
104.00
105.00
104.50
106.00
107.00
107.00
106.50
104.00
105.50
104.50
106.00
107.50
105.00
103.00
102.50
103.50
100.00
99.00
101.00
100.50
97.50
95.75
96.50
96.00
100.50
98.00
96.00
96.25
94.00
94.25
94.75
94.75
95.50
95.00
96.25
94.50
94.50
94.50
90.25
91.75
95.50
94.75
93.75
94.00
96.00
97.75
96.75
98.00
99.25
97.75
101.50
106.50
106.00
115.00
113.00
113.00
116.50
117.00
117.00
118.00
118.00
121.00
123.50
122.50
125.00
124.00
122.50
118.00
121.00
123.50
125.00
124.50
128.00
131.50
128.00
126.50
128.50
128.50
125.00
118.00
120.00
117.50
122.00
121.50
118.00
121.00
118.50
120.50
121.00
122.00
125.00
125.00
124.00
124.00
126.00
125.00
124.00
121.50
121.50
121.50
127.00
122.00
120.50
121.50
119.00
116.00
113.50
114.00
113.50
115.00
120.50
123.00
129.50
128.00
126.00
126.00
125.50
125.50
125.50
124.00
122.00
118.00
120.50
121.50
122.00
122.50
122.00
126.00
124.50
126.50
127.00
125.50
126.50
126.00
125.50
124.00
124.50
125.00
125.50
126.50
126.00
125.00
125.00
125.50
125.50
126.00
126.00
126.00
128.00
128.50
127.00
125.50
125.50
125.50
123.00
122.00
124.50
127.50
126.50
123.50
121.50
121.00
121.00
122.00
122.50
121.50
118.00
118.00
118.50
119.00
118.50
117.00
117.50
115.50
116.00
116.50
115.50
116.00
115.50
114.50
114.50
115.00
114.50
115.00
117.00
115.50
116.00
117.50
117.50
120.50
121.00
122.00
123.00
121.00
120.00
119.50
119.50
116.50
116.50
116.00
115.00
114.50
114.00
113.50
113.00
114.00
112.00
112.00
112.00
108.00
104.50
105.00
106.00
107.50
105.50
106.50
106.00
105.00
103.50
102.00
104.50
104.00
103.50
102.50
102.50
101.50
103.00
102.50
102.50
103.00
104.00
103.00
102.00
102.50
103.00
103.00
103.00
102.50
104.00
112.50
114.00
115.50
115.00
117.50
117.50
114.00
113.50
114.50
114.00
114.00
113.00
112.00
113.50
112.00
112.50
113.00
112.50
114.00
113.50
111.50
114.00
113.50
117.50
118.50
118.00
120.00
116.50
117.50
116.50
116.00
115.50
118.50
118.50
118.50
120.00
119.50
119.50
120.50
119.00
120.50
122.00
123.50
124.00
123.00
121.50
122.50
123.00
124.50
124.50
128.00
128.00
128.50
128.00
128.00
127.00
126.50
127.50
127.50
128.00
128.00
125.50
127.00
124.50
125.00
125.50
121.50
117.00
113.00
115.50
114.50
114.50
117.50
119.50
120.00
120.00
120.00
119.00
122.50
121.00
117.50
117.50
118.00
118.50
118.00
118.00
119.50
121.00
121.50
125.00
126.50
124.00
124.50
126.00
126.50
127.00
129.00
129.00
129.50
131.00
130.00
132.00
130.00
129.50
133.50
136.00
136.00
135.00
135.00
136.00
136.00
136.50
139.00
140.00
141.00
145.00
148.00
148.00
146.00
145.00
145.00
144.00
140.50
139.50
143.00
139.50
140.00
140.00
137.00
134.50
136.50
135.00
129.00
132.00
134.50
133.50
133.50
136.50
134.00
136.50
137.00
138.00
135.00
136.50
137.50
137.00
136.00
136.50
136.50
137.00
137.00
137.50
137.50
138.50
137.00
136.50
135.50
135.00
134.50
136.00
137.00
135.00
132.50
130.50
131.50
131.00
131.00
130.50
130.00
129.00
128.00
127.50
129.00
127.50
126.00
125.00
125.50
126.00
125.00
126.50
128.50
127.50
127.00
128.00
129.50
130.50
131.00
130.50
129.50
128.50
127.50
127.50
134.50
134.50
133.00
134.50
136.50
135.00
136.00
134.50
135.50
133.00
133.00
133.00
133.00
134.00
133.50
133.00
134.00
133.00
131.50
131.50
130.00
129.50
130.50
131.00
127.00
127.00
128.50
128.50
127.00
130.50
131.50
132.50
132.50
132.50
132.00
132.00
131.50
132.00
134.00
135.50
136.00
136.00
136.00
136.00
136.50
137.50
137.00
136.50
135.00
136.50
136.50
139.00
138.00
137.00
138.00
137.00
136.00
136.50
138.00
137.00
134.00
133.00
134.50
135.50
135.00
134.50
134.00
134.00
136.00
136.50
136.00
137.50
140.50
139.00
136.00
136.00
138.00
136.50
132.50
135.00
136.50
138.00
138.00
137.00
136.00
137.50
139.00
139.50
140.50
143.00
142.00
144.50
143.50
144.00
144.00
145.50
145.50
145.00
146.00
145.50
145.50
145.50
145.50
145.50
145.50
143.50
143.50
142.50
143.00
142.50
142.50
144.00
144.00
145.00
144.50
144.00
145.00
144.00
145.00
143.50
143.00
142.50
142.50
142.50
144.50
143.50
143.50
143.50
143.50
144.00
144.50
145.50
145.50
145.50
146.50
147.00
147.50
148.00
151.00
153.50
152.50
157.00
157.50
159.00
157.00
155.50
156.50
157.00
154.50
154.50
154.50
151.50
153.00
153.50
155.00
158.50
162.50
161.00
158.50
160.00
161.50
161.50
161.00
160.50
160.00
161.00
164.00
164.00
165.00
164.00
162.50
160.50
165.00
166.00
163.50
164.00
164.00
162.50
163.50
163.00
158.50
159.00
158.50
160.00
159.00
158.00
153.00
148.50
153.00
149.50
153.50
150.50
151.50
152.00
152.00
153.00
152.00
154.50
156.00
155.00
151.50
154.00
154.50
153.00
153.00
154.00
157.50
157.00
159.00
160.00
158.00
158.50
159.50
158.00
155.50
157.50
157.00
157.00
158.00
158.50
162.00
163.00
162.50
163.00
162.00
162.00
161.00
159.00
161.50
160.00
159.50
161.00
162.50
163.00
163.00
164.00
163.00
163.00
163.00
164.00
161.50
160.50
163.00
163.00
163.00
163.50
163.00
162.00
161.00
161.00
161.50
163.00
163.00
163.00
163.00
161.50
155.50
156.50
159.50
159.50
160.50
159.00
156.00
156.00
156.50
158.00
157.00
156.50
158.00
160.00
163.00
164.00
164.00
164.50
168.00
168.50
171.50
170.00
171.50
168.50
167.00
168.00
172.50
170.00
173.00
174.50
173.50
171.50
171.00
171.00
171.00
171.00
171.00
170.00
166.50
167.50
169.50
170.50
171.00
169.50
169.00
168.00
167.00
168.00
167.00
166.50
166.00
165.00
167.50
168.50
168.50
167.00
166.00
166.50
165.00
166.00
165.50
162.50
164.00
164.50
167.50
167.00
166.50
167.50
168.50
167.50
168.00
166.50
168.00
169.50
167.00
167.00
167.50
168.50
167.00
161.50
161.50
158.00
158.50
159.00
157.50
157.50
157.50
162.00
159.50
158.50
158.50
157.00
157.00
154.00
152.50
151.50
151.00
151.50
152.50
152.00
151.50
151.50
151.50
150.50
152.00
151.00
151.00
150.00
150.00
150.00
149.00
149.50
150.50
148.50
149.50
152.00
152.00
152.00
151.00
152.50
150.50
149.50
151.00
152.00
156.50
155.50
154.50
154.50
155.50
154.50
154.50
150.00
149.50
150.00
150.00
149.50
148.00
145.00
144.50
144.50
145.00
144.50
143.50
140.00
143.50
142.50
141.00
140.00
140.00
140.50
141.00
142.00
142.00
141.00
142.00
142.00
142.50
139.50
140.00
140.50
142.00
143.50
145.00
142.50
142.00
142.00
143.00
142.00
143.50
143.00
142.50
142.00
142.00
138.00
139.00
140.00
140.00
138.00
139.00
140.00
138.50
139.50
140.50
138.50
140.00
139.00
139.00
139.00
139.00
138.50
137.00
