8.15
8.2
8.2
8.1
8
8.1
8.15
8.1
8.05
8.25
8.2
8.2
8.2
8.4
8.3
8.15
8.1
8.15
8.1
8.1
8.1
8.2
8.05
8.05
8.05
8.1
8.1
7.9
7.9
7.8
7.85
7.75
7.65
7.6
7.6
7.45
7.4
7.4
7.35
7.45
7.6
7.25
7.3
7.35
7.35
7.4
7.4
7.45
7.4
7.4
7.35
7.45
7.45
7.55
7.65
7.9
7.9
7.9
8
8.1
7.95
8
8.05
8.15
8.05
8.05
7.95
7.9
7.95
7.85
7.85
8
8.05
8.05
7.95
8.05
8.1
8.05
8
8.1
8
8.1
7.95
7.85
7.8
7.75
7.85
7.85
7.9
8
8
8.05
8.15
8.15
8
8
7.9
7.9
7.9
8
8
8
8
8.05
8
7.9
7.9
8.1
8.15
8
8
8.05
8
8.2
8.25
8.2
8.1
8.2
8.15
8
8
8
8.05
8.05
7.95
8.1
8.3
8.25
8.3
8.3
8.25
8.7
8.6
8.6
8.7
8.7
8.7
8.6
8.6
8.65
8.65
8.6
8.6
8.65
8.55
8.6
8.7
8.65
8.85
8.75
8.7
9.05
9.1
9.05
9
8.85
8.8
8.85
8.9
8.85
8.95
8.8
8.8
8.75
8.85
8.9
8.85
9
9.1
9
8.95
9
8.8
8.85
8.8
8.8
8.6
8.75
8.5
8.45
8.35
8.35
8.3
8.3
8.35
8.5
8.6
8.6
8.55
8.35
8.4
8.2
8.25
8.3
8.4
8.4
8.45
8.3
8.35
8.4
8.4
8.55
8.35
8.35
8.4
8.2
8.1
8.05
8.05
8.05
8.15
8.15
8.05
8.05
8.25
8.3
8.35
8.3
8.35
8.65
8.65
8.65
9
9.05
9.05
9
8.9
8.65
8.65
8.85
9
8.9
8.9
9
9
8.9
9.05
9.05
9.05
9
8.9
9
8.95
9
8.95
8.9
8.85
9
8.8
8.75
8.7
8.6
8.65
8.6
8.6
8.5
8.45
8.9
8.85
8.6
9.05
9.05
9.1
9.15
9.3
9.25
9.15
9.35
9.25
9.05
9.05
9.15
9.1
9.35
9.3
9.15
9.45
9.5
9.6
9.6
9.55
9.55
9.65
9.6
9.75
9.75
9.75
9.8
9.7
9.8
10
10
10
9.75
9.75
9.75
9.65
9.6
9.4
9.45
9.6
9.5
9.45
9.6
9.6
9.75
9.65
9.7
9.65
9.8
9.7
9.75
9.8
9.65
9.6
9.55
9.5
9.6
9.65
9.65
9.6
9.6
9.6
9.6
9.6
9.45
9.2
9.2
9.25
9.35
9.3
9.25
9.25
9.3
9.4
9.45
9.45
9.45
9.45
9.45
9.55
9.5
9.4
9.4
9.4
9.35
9.25
9.25
9.35
9.4
9.25
9.4
9.3
9.3
9.25
9.15
9.2
9.15
8.95
9
8.9
8.95
8.9
8.9
8.75
8.85
8.9
8.95
8.9
9.2
9.25
9.3
9.2
9.3
9.4
9.35
9.35
9.5
9.5
9.6
9.1
9.1
9.15
9.15
9.15
9.15
9.05
8.9
8.75
8.75
8.7
8.75
8.7
8.7
8.9
8.8
8.75
8.85
8.85
8.95
8.95
8.85
8.8
9
9
9
9
8.9
8.9
8.9
8.8
8.75
8.75
8.7
8.6
8.55
8.7
8.6
8.65
8.6
8.6
8.55
8.55
8.65
8.7
8.65
8.5
8.6
8.7
8.75
8.8
8.75
8.8
8.85
8.7
8.8
8.75
8.75
8.95
8.85
8.8
8.65
8.95
8.75
8.8
9
8.9
8.8
8.85
9
9
9.1
9.15
9.1
9.1
9.1
9
8.95
9.05
8.8
8.85
8.8
8.45
8.15
8.15
8.25
8.2
7.95
8.1
8.15
8.2
8.25
8.3
8.35
8.4
8.3
8.35
8.35
8.35
8.3
8.35
8.4
8.55
8.5
8.4
8.55
8.6
8.65
8.7
8.65
8.6
8.6
8.5
8.6
8.55
8.6
8.75
8.75
8.9
8.8
8.7
8.8
8.65
8.7
8.6
8.45
8.55
8.8
9
8.9
8.85
8.9
8.85
8.7
8.8
8.7
8.85
8.9
8.7
8.7
8.65
8.75
8.75
8.6
8.6
8.5
8.35
8.35
8.4
8.35
8.2
8.2
8.1
8.2
8.15
8.1
8.15
8.1
8.15
8.1
8.2
8.25
8.25
8.35
8.2
8.2
8.3
8.4
8.55
8.55
8.45
8.45
8.5
8.45
8.45
8.4
8.4
8.4
8.35
8.55
8.5
8.5
8.55
8.6
8.6
8.55
8.55
8.35
8.35
8.4
8.45
8.4
8.55
8.8
8.85
8.95
8.9
8.85
9
9
9.05
9.1
9.15
9
9.1
9.1
9
8.95
8.95
8.9
9
9
9
8.9
8.85
8.8
8.85
8.95
9
8.9
9.05
9
9.15
9.1
9
9.05
8.9
8.85
8.9
8.8
8.75
8.75
8.85
8.85
8.8
8.95
9.1
8.9
8.85
8.9
9
8.8
8.8
8.75
8.4
8.3
8.4
8.5
8.5
8.55
8.6
8.45
8.65
8.65
8.55
8.55
8.55
8.55
8.55
8.2
8.25
8.25
7.85
7.8
7.75
7.75
7.95
7.75
7.7
7.8
7.85
7.85
7.65
7.65
7.75
7.85
7.85
8.05
7.95
8
7.95
8.05
8.05
8
8.1
7.85
7.95
7.9
8.05
8.1
8.05
8.15
8.2
8.15
8.15
8.15
8.4
8.35
8.35
8.5
8.55
8.7
8.8
8.8
8.65
8.6
8.6
8.55
8.35
8.2
8.25
8.3
8.2
8.3
8.2
8.05
7.95
7.6
7.6
7.65
7.75
7.6
7.7
7.5
7.55
7.55
7.7
7.75
7.9
7.9
7.9
7.85
8
7.95
7.95
7.9
8
8.05
8
8
8.05
8.15
8
8.05
8.2
8.2
8.2
8.45
8.6
8.65
8.75
8.75
8.75
8.6
8.65
8.7
8.65
8.7
8.5
8.45
8.55
8.65
8.65
8.7
8.75
8.8
8.45
8.5
8.55
8.55
8.35
7.95
7.95
7.95
8
8
7.9
8
7.95
8
8.05
8
8
8.05
8.1
8.05
8.05
8.1
8.1
8.2
8.1
8.15
8.1
8.15
8.2
8.15
8.25
8.25
8.3
8.3
8.35
8.25
8.2
8.25
8.25
8.35
8.55
8.5
8.3
8.4
8.35
8.3
8.6
8.45
8.5
8.5
8.45
8.45
8.5
9.1
9.05
9.1
9.05
9.15
9.2
9.05
9
9
9
9.1
9.15
9.3
9.35
9.3
9.35
9.45
9.25
9.15
9.15
9.05
9.25
9.15
9.15
9.2
9.2
8.85
8.55
8.7
8.35
8.4
8.3
8.2
8.2
8.2
8.2
8.25
8.35
8.2
8.15
8.15
8.5
8.45
8.65
8.75
8.7
8.75
8.7
8.5
8.55
8.5
8.5
8.55
8.7
8.7
8.6
8.8
8.8
8.75
8.85
8.85
8.95
8.95
9.05
9
8.95
9.1
9
9
9.05
9.05
9.05
9.05
9.3
9.3
9.25
9.25
9.25
9.1
9.15
9.1
9.2
9.05
9.2
9.15
8.95
8.7
8.75
8.85
8.9
8.85
8.75
8.85
8.65
8.95
8.95
9.1
9.05
9.2
9.05
9.3
9.15
9.15
9.1
9.3
9.45
9.4
9.45
9.5
9.6
9.55
9.45
9.5
9.5
9.5
9.55
9.7
9.8
9.75
9.9
9.85
9.75
9.75
9.7
10
10
10
10
10.3
10.1
10
9.95
9.9
9.85
9.85
9.8
9.7
9.7
9.55
9.5
9.65
9.8
9.55
9.5
9.5
9.8
9.8
9.7
9.35
9.25
9.2
9.45
9.4
9.35
9.15
9.1
9.25
9.2
9.05
9.2
8.95
8.5
8.9
9.3
9
8.45
8.2
8.1
8.25
7.6
7.7
7.65
7.75
7.6
7.55
7.55
7.25
6.7
6.75
7.6
6.7
6.65
6.5
6.9
7.7
7.6
8.7
9.1
9.15
9.4
9.55
9.55
9.6
9.25
9.25
9.9
9.9
10.4
10.4
10.8
10.7
11
11
10.8
11
11
11.3
11.1
11
10.9
10.9
10.9
10.8
11
11
10.8
10.9
10.9
11.1
11.3
11.3
11.2
11.3
11.4
11.2
11.2
11.4
11.3
11.2
11.1
11.2
11.3
10.9
11
10.9
10.9
11
10.9
11
11
11.1
11.3
11.4
11.1
11.1
11.1
11.4
11.3
11.3
10.9
10.9
10.9
10.9
10.7
10.8
10.6
10.6
10.7
10.7
10.8
10.8
10.8
10.8
10.8
10.8
10.7
10.8
10.8
10.8
10.8
10.8
10.8
10.9
10.8
10.8
10.8
10.9
11
10.8
10.8
10.6
10.6
10.6
10.7
10.7
10.7
10.8
10.8
10.8
10.8
10.9
10.8
10.6
10.6
10.7
10.7
10.8
10.9
10.9
10.9
11
10.9
10.9
11
11.1
11.1
11
11.1
11.1
11.3
11.4
11.3
11.3
11.4
11.2
11
11.2
11.2
10.9
11
11.1
11.2
11.3
11.1
11
10.9
11.2
10.7
10.8
10.9
10.9
10.9
11
11.1
10.4
10.4
10.5
10.5
10.5
10.5
10.6
10.8
10.5
10.7
10.7
11
10.6
10.3
10.3
10.6
11
11.2
11.2
11.3
11.3
11.3
11.3
11.2
11.4
11.4
11.5
11.4
11.4
11.2
11.3
11.4
11.8
11.8
11.6
11.5
11.3
11.4
12
11.9
11.7
11.7
11.5
11.4
11.3
11.3
11.2
11.3
11.3
11.2
11.2
11.2
11.1
11
11
11.3
11.1
11.2
11
11
10.9
11.1
11.2
10.9
10.9
10.9
10.5
10.3
10.5
10.4
10.3
10.3
10.4
10.3
10.1
10
10.1
10.1
10
9.8
9.85
10
10.1
10.1
10.1
10.1
10.2
10.2
10.1
10.1
10
10.1
10.1
10.1
10.1
10.1
10
9.95
10.1
9.95
10
10.1
10.3
10.4
10.6
10.6
10.7
10.7
10.6
10.5
10.5
10.5
10.5
10.5
10.4
10.4
10.4
10.5
10.6
10.6
10.2
10.3
10.3
10.4
10.6
10.5
10.4
10.4
10.5
10.3
9.95
9.85
10
9.95
9.9
10
10.2
10.1
9.8
9.8
9.85
9.85
9.75
9.9
9.95
9.7
9.65
9.5
9.95
10.2
9.75
9.25
9.3
9
9.05
9.2
9.3
9.15
9.1
9.2
9.35
9.15
8.95
8.85
8.9
8.8
8.7
8.55
8.6
8.5
8.55
8.45
8.65
8.6
8.55
8.55
8.55
8.5
8.7
8.7
8.75
8.75
8.6
8.65
8.6
8.5
8.2
8.25
8.2
8.2
8.15
8.25
8.3
8.35
8.4
8.35
8.3
8.25
8.35
8.3
8.25
8.4
8.45
8.55
8.55
8.65
8.7
8.65
8.7
8.6
8.75
9.05
8.8
8.75
8.8
8.55
8.4
8.4
8.25
8.25
8.35
8.2
8.3
8.15
8.35
8.45
8.4
8.4
8.4
8.5
8.5
8.25
8.25
8.15
8.1
8.25
8.25
8.1
8.15
8.1
8.25
8.35
8.15
8.2
8.2
8.3
8.3
8.3
8.35
8.35
8.3
8.1
8
8
8
7.9
7.85
7.85
7.9
7.95
7.75
7.85
7.75
7.85
7.8
7.8
7.9
7.65
7.45
7.6
7.45
7.5
7.5
7.6
7.7
7.6
7.4
7.6
7.75
7.8
7.85
7.8
7.8
7.8
7.8
7.8
8
8
8.05
8.2
7.95
8.1
8
8
7.85
7.95
7.9
7.8
7.9
8.05
8.1
8
7.75
7.7
7.75
7.75
7.8
7.75
7.8
7.75
7.75
7.8
7.7
7.6
7.55
7.6
7.7
7.7
7.5
7.4
7.4
7.35
7.4
7.35
7.2
7.15
7.25
7.1
7.15
7.2
7.2
7.25
7.3
7.25
7.25
7.3
7.15
7.15
7.2
7.2
7.3
7.25
7.25
7.15
7.1
7.2
7.1
7.1
7.1
7.3
7.4
7.35
7.35
7.3
7.4
7.4
7.45
7.55
7.5
7.4
7.4
7.5
7.45
7.5
7.4
7.55
7.6
7.65
7.8
7.75
7.65
7.75
7.6
7.7
7.7
7.75
7.8
7.75
7.75
7.7
7.8
7.7
7.7
7.75
7.7
7.85
7.8
7.9
7.7
7.75
7.7
7.65
7.7
7.8
7.8
7.75
7.6
7.7
7.7
7.6
7.75
7.75
7.6
7.65
7.7
7.65
7.85
7.85
7.95
7.95
8
8
8
7.9
7.9
8
8.05
8.05
8
8
7.95
7.95
7.9
8
8.1
8.1
8.15
8.15
8.1
8.05
8.1
7.8
7.85
8
8
7.95
7.9
7.9
7.85
8.05
8.05
7.95
7.85
7.85
7.85
7.9
7.9
7.9
8
8.05
8.05
8.1
8.1
8.05
8
8
8
8
8
8
8.15
8.1
7.9
7.9
7.8
7.8
7.85
7.85
7.8
7.7
7.8
7.8
7.85
7.85
7.85
7.7
7.7
7.6
7.6
7.6
7.6
7.65
7.6
7.6
7.35
7.4
7.4
7.35
7.35
7.35
7.4
7.45
7.4
7.5
7.45
7.35
7.4
7.4
7.4
7.45
7.5
7.5
7.55
7.5
7.55
7.45
7.4
7.45
7.4
7.6
7.6
7.65
7.45
7.45
7.5
7.4
7.5
7.4
7.15
7.15
7.15
7.25
7.25
7.15
7.15
7.2
7.1
7.2
7.2
7.25
7.2
7.25
7.2
7.2
7.25
7.25
7.25
7.3
7.3
7.15
7.15
7.15
7.25
7.25
7.2
7.2
7.15
7.15
7.25
7.35
7.45
7.3
7.35
7.25
7.35
7.2
7.15
7.15
7.2
7.15
7.3
7.3
7.35
7.4
7.35
7.45
7.4
7.35
7.45
7.5
7.6
7.55
7.6
7.6
7.55
7.6
7.45
7.5
7.35
7.25
7.25
7.35
7.45
7.1
7.05
7.1
7.05
7
7.05
7
7.1
7.05
7.05
7.1
7.05
7.05
7.05
7.1
7.1
7.15
7.1
7.2
7.15
7.15
7.1
7.05
7.2
7.1
7.1
7.05
7
7.15
7
7
7.05
7.1
7.2
7.05
7.2
7.3
7.35
7.4
7.35
7.45
7.5
7.5
7.65
7.55
7.6
7.65
7.5
7.55
7.5
7.5
7.45
7.45
7.4
7.35
7.25
7.35
7.35
7.45
7.4
7.45
7.45
7.55
7.45
7.6
7.6
7.55
7.45
7.55
7.55
7.65
7.75
7.6
7.7
7.55
7.4
7.45
7.4
7.5
7.45
7.5
7.5
7.55
7.4
7.65
7.75
7.9
7.8
7.95
7.55
7.65
7.5
7.6
7.45
7.5
7.45
7.5
7.75
7.65
7.35
7.2
6.9
7
7.05
6.75
6.55
6.75
6.75
7.1
7.25
7.25
7.35
6.95
6.9
7.05
7.05
7.2
7.2
7.25
7.35
7.3
7.3
7.5
7.45
7.35
7
6.9
6.65
6.95
7
7.25
7.5
7.4
7.7
7.8
7.7
7.6
7.6
7.95
8
8.1
7.85
7.95
7.9
8
7.8
7.85
8
8.05
8.05
8.15
8.25
8.15
8.05
8.15
7.95
8.5
8.4
7.95
7.75
7.75
7.35
6.85
6.75
6.85
6.85
6.8
6.95
6.85
6.9
6.75
6.75
6.75
6.8
6.8
6.9
6.95
7
6.9
6.7
6.65
6.7
6.35
6.3
6.35
6.3
6.4
6.4
6.3
6.35
6.3
6.35
6.35
6.45
6.3
6.4
6.3
6.45
6.35
6.35
6.4
6.25
6.2
6.1
6.2
6.45
6.45
6.55
6.35
6.35
6.4
6.2
5.95
5.9
6
5.95
6
5.9
6
5.65
5.55
5.55
5.55
5.6
5.6
5.55
5.45
5.45
5.55
5.5
5.5
