16.9
18
18.9
18.7
18.2
18.8
18.3
18.3
18.2
18.3
18.1
18.1
17.4
17.9
17.5
17.7
17.4
17.6
18.8
18.5
18.7
19.5
19.2
19.3
19.1
19.2
19.1
20.2
20.6
20.6
20.9
21.8
22.8
22.4
22.3
22.7
22.3
22.8
22.9
22.8
22.9
22.8
22.7
22.5
22.8
22.4
22.5
22.3
21.6
21.9
22.2
21.9
22.6
24.1
24.7
25
24.3
24.4
24.4
24.3
24.6
25.75
25.25
25.25
25.25
27
27.25
27.75
28.5
28
27.25
27.5
27.25
28.25
28.25
28.5
28.75
28
27
27.5
26
26.5
27
26.25
26.5
27.5
27
26.25
25.5
26
26
26.5
26
25.5
24.7
25.5
26.25
25.75
26
26
26
26.75
26.75
26.25
26.5
28.25
29.25
29
29.25
28.5
28.75
30.25
30.5
31
30.5
30.5
31.5
32
32.5
31.25
29.75
30
29
29.75
31
30.75
31
30
29.75
29.75
29.5
29.5
29.25
29.25
29
29.5
30
29.5
30
30.5
30.25
29.5
29.75
30
30.25
30
29.25
28.75
29.25
29.5
29.5
28.75
28.75
29.25
28.75
28.25
25.5
25.25
26
27.5
27.75
27.25
26.5
25.75
26.25
27
26.75
26.75
27
26.75
26.25
26.25
25.75
25.25
23.5
22.5
23.6
23.9
25
25.5
26.75
26.5
26.25
27.25
27.5
27.25
27
27.25
27.25
27.5
27.5
28.25
28.5
28.25
29.25
28.5
28.5
27.25
28.25
28.5
28.5
27.5
28
28
27.75
27
27
25
25
23.6
24.5
24
24
23.6
23.9
24.4
24.2
24.1
24
24.6
24.4
24.1
24.1
23.7
23.4
23.8
23.1
22.8
23.1
23.1
22.9
22.7
22.8
23.4
23.8
23.6
23.4
23.5
23.6
23.5
23.8
23.9
24
24
24
24.3
25
24.9
25
24.5
24.5
24.8
25
25.5
25.25
26
25.75
26
26
26
25.5
24.9
24.5
25
25.5
25.25
25.5
26
26.25
26
26.25
26.25
26.5
27
26.75
26.75
26.5
26
26.25
26
26.5
26
26.5
26.75
27.5
27.75
28.25
27.5
27.5
27.75
27.5
27.5
27.75
28.25
29
29
29
29
28.5
28.25
27.25
28
28.5
27.75
28.5
28.75
28.25
28
28
27.25
26.75
27.5
27
27.25
27.5
28
27.75
27.5
27.5
27
27
27.5
27.25
27
27
27
26.75
26.25
25.75
24.8
25.25
25.25
25.75
26
26.25
26.5
27.25
27
27.25
27
26.25
26.25
26.25
25.75
26
26.75
26.75
26.5
26.75
26.75
26.75
26.75
26.25
26.25
26
26.5
26.5
27.75
28
28.25
28.5
28.25
28
28.25
28
27.5
27.5
27.75
28
28.75
29
29.25
29.5
29.5
29.25
29.25
29.75
29.75
29.75
29.5
29.25
30.25
30.75
30.5
29.75
30
30.5
30
29.25
29.25
29.5
29.5
30
30
29.75
29.5
29
29
28.75
29.75
29
28.75
28.75
28.5
29.25
29.75
30
29.5
29.75
29.75
29.5
29.5
29.5
29.5
29.25
29.25
30.5
31.25
31.25
31.75
31.5
31.5
31.75
32
31.75
31.75
32
32.5
32.75
32.75
32.25
32
31.75
32.25
32.25
32.25
33.75
34
33.5
33.25
32.25
32
32
32
32
31.75
30.75
30.75
30.75
32
31.25
32
32.75
33
32.5
33.25
33.5
33.5
33.75
34
33.5
34.5
34.5
33.75
33.5
33.5
34.25
34.25
35.5
35.5
35
35.25
35
36.5
36.75
35.75
36.25
35.5
35.5
34.75
36
36.5
36.5
36.75
36.75
36
36
35
35.5
35.75
35.5
35.5
35.25
36.25
36
35.25
35.5
34.75
34.75
34.5
35.5
36
35.5
35.5
34.75
34.5
34.75
35.25
35.5
35.5
36.75
37.25
37.5
38.25
38.5
38.75
39.5
39.25
40.75
42
42.25
41.25
41.75
43.5
42.5
41
40.25
40.5
41.25
42.25
42.25
42
41
40.75
41.5
41.5
42.75
43.25
43.25
43
43
43
42.75
43
43
44.25
45.75
48
48.75
49.25
51.25
49.75
48.75
51
52.25
52
51.25
48.75
47
48
47.75
52.5
51.75
50.5
51.25
52.25
52
52.75
50.75
51.5
51.75
52.75
54
53.75
53.5
54.25
56
54
53
53
53
52
53
54.25
53.25
52
53
53.75
53.5
51.75
49.75
50
51.25
51
50.5
51.75
52.5
52
52.5
52.5
53
52.5
52.5
53.75
52.25
55.75
57.75
60
62.5
62
63.75
63
64.25
65
65.5
65
65.25
65
62
64.25
64.25
62
62.5
63
61.75
57
57
58.25
59.5
57.75
54.75
55.75
55.5
52
52
52.75
50
50.25
47.5
48
45.25
42.25
45.75
46
49.25
48.25
44.25
43.25
37.5
33.5
36.25
34
34
35.5
37.25
42.25
36.5
37.5
39
39
39.25
39.25
39.75
39.25
40.75
39.5
43.75
43.75
43.5
44.75
44.5
43.25
42
40.5
41
42
43.75
46
46
43.75
44.25
44.25
44
44.75
43
42
43
45.5
46
44.75
44.25
44.75
45.25
47.5
50
50
54
53.5
53
53.25
53
52.75
53.5
55.25
54.5
55.25
56.75
53.75
54.25
53.5
53.75
51.25
52
54
54.5
53.25
53.5
53.5
51.5
52.75
53.75
53.5
53.5
53.75
54.75
56
55.5
54.75
55
53
52
52.5
52.75
53.25
53.25
53.25
55.5
53.75
51.5
51.5
50.5
48.5
49
48.5
49
49.25
49.25
49.75
49.25
49.5
49.5
48.25
47.25
48.75
47.75
46.5
45
46.5
47
47.5
48
47.5
46.25
46.5
45.75
45.25
43
44.5
44.5
45
45
45
45.5
45
45.5
44.25
44.75
43.5
41.5
41.25
43
42.75
42.25
42.75
41.75
42.25
40.75
42
43.25
43
44
43.5
42.25
42.25
42.25
41.25
41
41
41.25
40.5
40.5
40
39.25
39.5
41.75
42
45.5
46
48
48
48.25
47.5
48.5
47.75
47.25
48.5
47.75
48
50
48.5
49
49.25
50
49
49.25
49.5
50
50.25
51.75
52.25
50.75
51.25
52
52
51.25
48.25
48.75
48.75
49.75
49.5
50.75
50.5
48.5
51
54.25
53.25
54
53.25
53
55
55.25
53.5
53.25
52.75
53.75
53.5
53
51.75
52
52
51.5
49.75
51
51
51
50.5
50
50
50.5
51.75
52
51.25
50.75
51
50
50.25
49.5
48
48.5
48.75
48
47
48.25
49
47.5
47.25
46.5
46
46
46
46.5
46.5
46.5
46.5
46.75
46.5
46.5
46
45.75
45.75
46
45.75
45.25
45.75
45.75
45.5
45.5
43.25
44
44.25
43
43.25
43
43.75
44
44
42.75
42.25
42.25
43
43
42.75
41.25
41.75
42.25
42.25
41.75
42
40.75
40.25
40
40.75
40.5
40.75
40
40.25
41.5
44.5
43.75
44.25
45.25
44.75
44
43.25
43.75
43.75
44.75
45
44.75
44.75
44.5
44
44
43.75
43.25
42.5
42
41.5
41.5
41.75
42
42.5
42.25
42.25
41.75
41.75
41
40.5
40.25
40.75
41
40.75
41.75
41.5
41
41.25
41
40.75
40.5
40.5
39.5
39.5
40.25
41.25
41.25
41
42
42.75
43
42.5
43.75
44
44
43.25
42.5
43.25
43
43.75
43.75
43.5
44.75
46.25
45.75
44.75
45
45
44.75
43.75
43
43
43
42.75
42.75
42.25
42
41.25
41.75
42.25
42.25
42
41.5
41.25
41
41.25
41
41.25
41.25
41.5
41.5
41.25
41.25
41.75
41.25
41.5
41
41
41.25
41.5
42.25
42
42.75
42.5
42
42
41.75
42.75
43.75
42.5
41.25
41
40.5
41
40.5
40.75
40.75
41
42.25
43
42.5
42.5
42
40.75
40.25
39.5
39.5
38.75
38.75
39.5
39.5
39.25
39.5
39.5
39.25
40.25
40
40
40.25
40.25
40
40
40
40
40
40.5
40.5
40.25
39.5
39.25
39
39
39.25
39.25
38.75
39
38.5
38
37.25
36.75
36.75
36.25
36
34.75
35
35.5
36.25
36
36
35.75
34.75
33.5
33.75
33.75
33.25
32.5
33.5
33.75
33.5
34
34
33.75
32.5
34.25
34.5
34.5
34.25
34
33.75
31
31
31.75
32.5
32.75
33.5
33.5
34.25
35.5
35.5
35
34.25
34.25
34
33.75
34.5
34.5
35.25
35.25
34
33.5
33.25
32.75
32.75
32.75
32.75
32.75
32.5
33
33.5
33.25
33.25
32
32
32.25
32.5
32.5
32
31
29.75
31.25
31.5
31.75
32.25
33
33
33
33
33.25
33.25
33
33
33.5
34.5
34.5
35
35.5
34.75
34
34.75
34.75
34.75
33.75
33.75
33.5
33
34.25
35.5
35.5
35.25
35.75
36.5
36.75
36
35.25
35
36
35.75
35
36.5
36.75
36.5
37.75
37.5
37.5
37.25
37.75
37
37
37
37.5
38.25
38.25
38
39.25
39
39.5
39.5
38.75
39.25
39.5
39.75
39.25
39.25
39
39.25
39
37.25
36.5
36.5
36.5
36.5
36.25
35.5
35.5
37
36.75
36.5
35.75
36.5
36.25
37.75
37.75
37.75
37.75
37.75
36.5
35.75
35.5
35.5
34
34.5
34.5
35
35.25
35
34
33.75
32.75
32.5
32
31.25
31.5
30.75
30.5
30.25
30.25
31.5
32.5
32.25
32.25
32.75
32.5
33.75
34
33.75
34.75
34.5
34.25
34.25
34.25
34.5
35
34.75
37.25
36.75
37.25
36.5
36.75
36.75
36.75
37
37.25
37.25
36.5
37.5
37
37.5
37.5
37.75
37.75
38
37.75
37.75
38
38
39.25
39.75
39.5
39.5
40
39.75
39.5
39.5
39.25
39.75
40.75
39.75
39.75
41.5
41.75
41.75
42
41.5
41.5
41.75
41.5
41
40.75
41.25
42.25
41.75
41.75
42
42.25
40.25
40.5
40.25
40.25
40.75
40.5
40.5
39.75
40.75
40.25
40
40
40.75
40.75
41.75
40.75
40.5
40
39.75
39.25
39
38.75
38.25
39
38.25
36.5
36.5
37
37.5
37.75
38
38.25
36.5
38.5
39.25
39
39.5
40
39.75
40.5
40.5
40
41
40.75
40.25
40.5
39.5
38.5
39.5
39.25
39.75
40
40
40
39.75
39.25
38.5
38
38
37.5
37.5
38.25
38.75
38.5
39
40.25
40
39.75
39.75
39.5
37
37.25
37.25
37.5
37
37.25
37.5
37.75
37.5
37.5
38.5
38
37.5
35.75
36.25
36.25
36.5
37.5
37.5
37.5
37.75
37.75
37.5
37.5
36.25
36.5
36
35.5
35.25
34.5
33.5
34.25
34.5
34.75
35
35.25
34.25
33.75
34
34
34.25
35.25
35.75
35.75
35.75
36
36.5
36.25
36.5
36.75
37
36.75
38.75
38.75
38.5
37.75
37.25
37.75
37.25
37.75
36.75
36.75
36.25
36
36.25
35.75
36
36.25
36
37
37.25
37
36
35.75
34
33.25
32.5
33.25
32.5
33.25
32.75
33
33
32
32
32.25
31
30.75
31
31.25
31.5
30.75
30
30
28.5
28.75
27.75
26.75
27
27
26
25.75
25.75
26
25.75
24.7
25
24.5
23.5
22.4
23.3
23.5
23.4
23.3
22.1
22.1
22.6
23.1
24.2
23.9
22.8
23.4
24.1
23.6
23.9
23.4
24.6
25.5
26.25
26.75
27
26
25.75
24.4
25
25.25
26.75
25.25
25.5
26
26.5
26.75
26.75
26
25.5
26.75
28
27.75
27.75
27.75
28
27.5
27.75
27.75
27.5
27.25
28
28
28.25
27
26.25
25.75
26.5
27
26.75
27.25
27
26.25
26.5
26.5
26
25.5
27.25
27.25
27.5
27.5
27.75
27.75
27.5
28
28.25
29
28.75
28.5
28.5
29
28.75
28.5
29
28.75
29
28
27.75
27.5
27.25
26.75
26
25.75
26.75
26.25
26.5
27.25
27.5
28.5
29.25
28.75
28.25
28
28
28.25
28.5
28.5
28.5
28.5
27.75
27.5
27.75
27.75
27.5
27.5
27.25
27.25
