207.00
207.00
205.00
198.50
199.50
201.00
204.00
210.00
207.00
208.00
204.00
201.00
204.00
204.00
201.00
203.00
201.00
201.00
204.00
201.00
198.50
199.50
197.00
196.50
194.50
192.00
186.50
189.00
188.00
189.50
189.00
191.50
193.50
197.00
193.00
189.00
193.50
192.50
194.50
192.50
188.00
187.00
185.00
185.00
186.50
182.50
183.00
181.00
183.00
181.50
184.00
182.50
183.00
183.00
183.00
182.50
186.50
185.00
183.00
183.00
182.50
184.50
183.00
181.50
182.00
182.50
187.00
191.50
190.50
187.50
185.50
186.50
186.50
184.00
177.50
175.50
176.50
175.50
179.00
178.00
176.50
176.50
176.00
174.00
173.50
173.00
175.00
173.00
171.50
168.50
172.50
168.50
169.50
173.00
173.00
170.00
169.50
169.00
165.00
164.00
161.00
156.00
152.50
150.00
158.00
168.00
171.00
171.50
170.00
168.00
172.00
175.00
174.50
174.50
177.50
178.00
176.50
174.50
174.50
172.50
172.00
171.00
171.50
168.00
164.00
163.00
160.00
169.50
173.50
171.00
170.00
174.00
175.00
177.50
175.50
177.00
181.00
183.00
180.50
181.00
182.50
182.00
182.50
183.50
187.00
186.00
190.00
185.00
185.50
184.50
187.50
186.50
185.00
188.50
189.50
188.00
189.50
191.00
188.50
192.00
195.50
194.00
193.50
193.50
190.50
184.00
182.50
179.50
180.50
179.50
180.00
180.00
180.00
177.00
174.00
172.00
176.00
178.00
181.00
181.00
185.00
185.00
185.00
183.00
184.50
184.50
183.50
184.50
184.00
183.00
181.00
180.00
179.50
180.50
181.50
182.00
183.00
181.00
180.50
179.00
179.00
181.00
180.00
180.50
179.00
183.00
183.50
186.00
184.00
184.50
184.50
183.50
181.50
181.00
183.00
181.50
181.00
177.00
176.00
177.50
175.50
174.50
177.00
176.50
178.00
178.00
178.00
180.00
177.00
180.00
180.00
180.50
180.00
182.00
178.00
177.50
177.50
177.00
179.00
180.50
181.50
183.00
180.00
183.00
180.50
179.50
181.00
180.00
181.00
178.00
175.50
176.00
176.00
173.50
176.50
176.00
177.00
177.50
175.50
175.00
176.50
178.00
181.50
181.50
183.00
183.00
184.00
185.00
183.00
180.00
179.00
179.00
180.50
179.50
177.50
178.00
177.00
176.00
176.50
173.50
174.00
174.00
173.50
174.50
176.00
176.00
176.00
175.00
174.50
173.00
171.50
170.50
171.50
170.00
171.00
171.50
172.00
174.00
174.00
173.50
172.00
171.50
173.00
173.00
174.00
174.00
171.00
171.00
172.00
171.00
170.00
170.00
171.00
174.00
173.50
172.50
172.50
173.00
174.50
175.00
175.00
177.00
181.00
188.50
186.00
186.50
192.50
187.50
195.50
197.00
195.00
196.50
208.00
202.00
203.00
202.00
203.00
213.00
211.00
211.00
216.00
217.00
218.00
215.00
215.00
214.00
214.00
213.00
215.00
215.00
216.00
211.00
214.00
215.00
211.00
210.00
210.00
215.00
213.00
211.00
213.00
214.00
215.00
215.00
217.00
215.00
210.00
210.00
209.00
211.00
212.00
213.00
218.00
225.00
223.00
221.00
218.00
217.00
221.00
222.00
226.00
222.00
220.00
218.00
213.00
213.00
216.00
215.00
214.00
214.00
211.00
199.50
203.00
202.00
202.00
203.00
209.00
207.00
208.00
207.00
205.00
203.00
208.00
206.00
199.50
199.50
200.00
200.00
199.00
202.00
200.00
195.00
200.00
197.00
195.50
190.00
190.50
191.50
194.50
193.50
192.50
193.50
190.00
189.00
192.00
194.00
192.50
190.00
192.00
200.00
196.00
196.00
195.00
197.00
195.00
196.50
197.00
197.00
197.50
198.50
193.00
193.50
197.50
196.50
196.00
204.00
202.00
198.50
195.00
197.00
198.00
196.00
196.50
199.00
199.50
201.00
206.00
204.00
198.00
198.50
201.00
207.00
207.00
204.00
206.00
208.00
207.00
210.00
211.00
217.00
215.00
215.00
214.00
208.00
212.00
209.00
207.00
209.00
207.00
207.00
209.00
211.00
211.00
207.00
207.00
213.00
218.00
215.00
210.00
213.00
221.00
221.00
219.00
218.00
216.00
220.00
214.00
217.00
217.00
216.00
220.00
206.00
195.00
190.00
191.50
193.00
192.00
190.00
186.00
186.00
185.50
192.00
190.00
190.00
194.00
191.00
192.00
191.50
189.50
189.00
192.00
194.00
193.50
191.50
192.50
194.00
194.50
193.50
192.00
190.50
191.00
192.50
191.50
192.50
193.00
191.00
186.50
181.00
183.50
181.00
176.00
175.00
171.00
168.00
171.00
166.50
168.00
171.00
172.00
169.00
170.00
173.00
174.00
171.50
171.50
173.00
171.00
172.50
173.00
174.50
178.50
176.50
177.00
183.00
181.50
181.50
183.50
182.00
184.00
182.50
184.00
186.00
179.00
178.00
180.00
178.50
176.00
174.50
177.00
177.00
178.00
179.00
179.00
179.00
179.00
179.50
178.50
181.50
180.00
179.50
178.50
179.50
179.50
179.50
178.50
178.50
181.00
180.00
179.00
181.00
180.00
180.00
182.00
183.50
184.50
184.00
184.50
186.00
190.50
186.50
187.00
189.00
186.50
188.00
187.50
189.00
186.00
188.50
190.00
188.50
188.00
189.50
190.00
188.50
189.00
187.00
190.50
189.50
193.00
194.00
193.50
193.00
191.00
190.00
189.50
187.50
187.00
185.00
187.00
186.50
187.50
188.50
185.50
189.50
187.00
189.50
189.00
192.00
191.00
193.00
190.00
197.50
195.50
195.00
196.50
196.00
195.00
194.50
195.00
197.00
192.00
197.00
197.00
196.50
195.50
191.00
191.50
184.50
187.50
187.00
190.00
187.00
190.50
192.50
176.00
172.00
178.00
182.00
180.00
181.00
181.00
181.00
177.00
184.00
183.50
185.00
184.00
188.00
186.00
185.50
186.00
187.00
187.50
186.00
186.50
181.50
184.00
183.00
182.00
180.50
182.50
183.50
181.50
185.50
182.50
184.00
185.50
189.00
188.00
186.50
186.50
183.00
183.00
180.00
181.50
179.50
178.50
180.50
180.00
179.00
178.50
177.50
177.50
177.00
177.50
178.50
175.50
177.50
177.50
178.00
179.50
180.50
179.50
180.00
178.50
178.00
179.50
179.50
178.50
179.00
178.50
179.00
178.00
178.50
178.00
177.50
176.50
177.00
177.50
177.00
172.00
172.00
169.50
169.50
169.00
168.00
166.50
164.50
163.00
165.00
163.50
167.00
166.00
163.50
165.00
166.50
167.50
167.00
168.50
167.50
172.00
171.00
173.00
172.00
171.00
171.50
173.00
173.50
173.00
171.00
170.50
170.00
170.50
170.00
170.50
171.00
170.00
170.00
169.00
167.00
169.50
169.50
170.50
171.50
172.50
174.50
175.00
173.00
172.00
171.00
173.00
172.50
172.50
172.00
171.50
171.50
171.50
169.50
170.50
170.50
168.50
167.50
167.00
166.50
165.50
156.50
148.50
142.50
141.50
142.50
140.50
141.50
141.00
143.00
140.50
141.00
137.50
135.50
137.50
140.00
138.50
137.00
134.50
134.00
136.50
136.50
140.00
139.00
142.00
139.00
138.50
136.50
134.00
132.50
132.50
127.00
125.50
126.00
126.00
128.00
128.00
128.00
127.00
127.00
126.50
122.50
122.50
124.50
124.50
123.50
124.00
122.00
123.50
125.00
123.00
116.50
120.00
120.50
112.00
122.00
119.00
119.50
120.50
119.50
126.00
125.50
128.50
129.50
131.50
130.50
128.50
129.00
128.00
128.50
129.50
132.00
130.50
131.50
129.50
130.50
130.00
134.50
135.50
135.50
135.00
136.50
133.00
131.00
137.50
139.00
142.50
142.50
138.00
139.00
140.50
141.00
142.50
145.50
148.50
147.00
146.00
145.00
147.00
146.50
141.50
138.50
141.50
140.50
140.50
140.50
140.00
142.50
145.50
146.00
145.00
143.50
141.00
143.50
144.50
144.50
141.50
138.50
136.00
135.00
133.50
129.50
134.00
132.50
131.50
134.50
134.00
136.50
132.00
132.50
132.00
131.00
130.00
130.00
127.50
121.00
117.00
112.00
130.00
128.50
130.50
131.00
132.50
131.00
132.50
131.00
130.00
130.00
123.50
122.50
114.50
115.50
120.00
129.00
130.00
124.00
126.00
128.50
115.00
112.00
110.50
114.00
114.00
115.00
113.50
118.00
118.00
117.50
117.00
116.50
124.50
118.50
116.00
118.00
120.00
119.00
120.50
120.50
119.00
117.50
119.00
118.00
117.50
115.50
113.00
112.00
115.00
115.00
113.00
112.50
112.00
105.00
109.50
111.00
108.50
108.50
109.50
112.00
115.50
117.50
120.00
120.50
120.50
124.50
123.50
123.50
121.00
121.00
120.50
119.00
118.00
117.50
118.00
117.00
117.50
116.50
116.50
114.00
112.00
113.50
113.00
116.50
119.50
121.00
120.00
121.00
120.00
122.00
120.50
117.00
115.50
118.50
116.50
118.00
121.00
119.50
118.00
118.00
114.50
113.50
111.00
114.50
113.50
110.50
110.50
109.00
111.50
111.00
111.50
114.50
114.50
113.50
116.00
112.50
110.50
112.50
112.50
111.50
110.50
111.50
112.50
110.50
109.50
108.50
110.50
110.00
108.00
110.50
109.00
107.50
105.50
108.00
107.50
108.50
108.00
106.00
106.00
106.00
104.50
104.50
100.00
95.25
97.00
97.00
97.25
97.00
99.00
100.00
97.00
96.00
95.50
95.25
94.00
94.00
92.25
93.75
95.50
92.25
93.25
93.50
92.25
91.00
91.50
92.25
92.25
94.00
93.75
96.25
109.00
110.00
106.50
106.50
106.50
105.00
107.00
107.50
114.00
123.50
115.00
121.00
128.50
126.50
124.50
132.50
132.00
129.00
128.50
127.50
126.50
122.50
123.00
123.00
122.50
120.00
116.00
115.50
117.50
117.50
126.00
122.50
122.50
120.00
120.00
123.00
119.50
123.00
128.50
127.50
126.00
127.00
128.50
123.50
124.00
124.00
124.50
127.00
125.00
127.50
128.00
126.00
125.00
125.50
124.50
127.00
132.50
128.50
127.00
133.00
129.50
127.50
126.50
126.50
126.50
126.00
126.00
127.50
127.50
128.50
128.50
126.50
131.00
127.00
132.00
130.00
129.00
129.50
136.50
139.00
136.00
135.00
135.00
134.50
139.50
136.00
135.50
135.00
135.00
136.00
134.50
135.00
138.00
136.50
136.00
137.50
136.50
135.00
135.50
135.50
142.50
138.50
138.00
138.50
140.00
139.00
136.00
137.00
139.50
138.50
141.00
138.50
134.00
130.50
132.50
132.00
128.50
128.00
126.00
126.50
127.00
126.50
127.50
128.00
128.00
128.00
131.00
132.00
131.50
131.00
132.00
132.00
132.00
131.50
131.00
131.00
133.00
134.00
135.50
135.50
134.00
134.00
131.50
134.00
130.50
129.50
129.50
130.00
128.00
128.00
129.00
128.50
128.50
128.00
128.50
128.00
127.00
126.00
126.50
125.00
124.50
125.00
123.50
125.00
122.50
123.00
122.50
121.50
121.50
121.00
122.00
120.00
120.00
121.50
121.00
119.00
117.50
117.50
118.50
122.50
128.00
129.50
130.00
130.00
129.00
129.50
131.50
132.50
133.00
132.50
133.00
132.00
133.00
132.00
133.50
134.50
132.00
131.50
131.50
130.00
130.00
130.50
131.00
130.00
133.50
133.50
136.00
139.50
140.00
142.00
147.00
145.50
143.00
141.50
143.00
144.50
146.50
143.00
142.00
140.50
140.00
145.00
144.00
143.00
142.50
143.00
143.00
142.50
140.50
139.00
140.00
144.50
145.50
148.00
152.50
153.00
151.50
149.00
152.50
154.50
152.50
152.50
154.00
156.50
158.00
154.00
152.50
152.50
152.00
150.00
151.00
151.50
147.50
146.50
144.00
143.50
142.00
141.50
142.50
142.00
143.00
143.50
144.00
141.50
143.00
143.00
140.00
138.50
138.50
139.00
139.50
140.00
141.00
141.50
141.00
141.00
138.00
133.50
134.50
135.00
135.50
135.50
135.50
135.50
136.50
136.50
135.00
136.00
136.50
136.50
137.00
137.00
139.00
138.50
141.00
142.00
144.00
147.50
147.00
147.00
147.50
151.50
152.50
150.00
151.00
154.50
156.00
153.50
153.00
152.00
150.50
155.50
155.50
153.50
163.00
166.50
167.00
168.00
167.00
171.50
168.00
168.50
166.00
167.50
166.00
165.50
166.50
164.50
165.00
166.00
165.50
161.00
161.50
162.00
158.50
157.50
156.50
155.50
156.50
160.00
159.50
159.50
161.50
162.00
160.00
160.50
164.50
165.50
165.50
165.00
168.00
165.50
165.00
160.50
160.00
161.50
161.50
162.50
162.00
165.00
166.00
172.00
174.50
172.00
173.00
174.50
175.00
172.50
173.00
173.50
171.50
172.00
174.50
175.00
173.50
176.00
175.00
176.00
178.00
175.00
173.00
173.00
175.00
172.00
173.50
175.00
175.00
174.50
176.00
177.50
178.50
180.00
180.00
179.00
180.00
181.00
183.50
185.00
188.00
188.50
188.50
188.00
188.00
188.50
178.50
180.50
180.00
179.00
178.50
178.50
181.50
182.00
184.50
184.00
185.00
183.50
182.00
180.00
181.50
182.00
190.00
188.50
189.50
193.50
186.50
194.50
194.50
214.00
211.00
219.00
216.00
215.00
215.00
216.00
216.00
217.00
215.00
216.00
218.00
225.00
224.00
227.00
231.00
225.00
227.00
219.00
225.00
226.00
227.00
230.00
225.00
226.00
225.00
227.00
224.00
227.00
222.00
229.00
229.00
233.00
233.00
233.00
228.00
230.00
235.00
233.00
228.00
230.00
229.00
232.00
228.00
228.00
225.00
227.00
226.00
227.00
224.00
224.00
221.00
221.00
224.00
233.00
239.00
229.00
229.00
229.00
213.00
212.00
217.00
220.00
220.00
220.00
218.00
217.00
219.00
227.00
219.00
218.00
216.00
215.00
212.00
210.00
206.00
211.00
210.00
214.00
212.00
209.00
213.00
211.00
209.00
208.00
211.00
213.00
216.00
212.00
214.00
217.00
218.00
223.00
224.00
225.00
221.00
216.00
215.00
213.00
212.00
208.00
211.00
209.00
209.00
209.00
207.00
208.00
212.00
214.00
217.00
219.00
217.00
217.00
215.00
214.00
214.00
212.00
210.00
208.00
210.00
209.00
215.00
217.00
216.00
217.00
220.00
220.00
217.00
214.00
211.00
211.00
210.00
210.00
213.00
216.00
215.00
215.00
210.00
205.00
212.00
212.00
213.00
211.00
213.00
214.00
216.00
217.00
216.00
219.00
223.00
221.00
226.00
226.00
227.00
229.00
230.00
236.00
235.00
234.00
237.00
243.00
243.00
242.00
240.00
236.00
242.00
241.00
238.00
238.00
239.00
243.00
251.00
245.00
244.00
241.00
246.00
249.00
244.00
240.00
237.00
234.00
233.00
234.00
232.00
232.00
229.00
226.00
227.00
223.00
227.00
230.00
234.00
234.00
233.00
235.00
232.00
236.00
233.00
235.00
229.00
227.00
229.00
226.00
232.00
228.00
226.00
225.00
223.00
222.00
226.00
225.00
225.00
223.00
223.00
220.00
219.00
216.00
218.00
215.00
220.00
222.00
220.00
222.00
218.00
219.00
217.00
215.00
214.00
216.00
216.00
213.00
218.00
224.00
225.00
227.00
229.00
246.00
245.00
248.00
249.00
260.00
261.00
259.00
260.00
259.00
260.00
258.00
255.00
257.00
257.00
259.00
255.00
254.00
255.00
256.00
256.00
255.00
266.00
258.00
262.00
261.00
258.00
262.00
261.00
257.00
258.00
265.00
264.00
267.00
265.00
267.00
268.00
268.00
265.00
264.00
263.00
259.00
255.00
254.00
263.00
264.00
258.00
259.00
264.00
262.00
261.00
261.00
263.00
258.00
256.00
259.00
260.00
260.00
256.00
257.00
248.00
252.00
249.00
233.00
230.00
229.00
227.00
225.00
221.00
219.00
225.00
223.00
222.00
221.00
217.00
219.00
219.00
216.00
223.00
221.00
220.00
217.00
217.00
214.00
213.00
214.00
216.00
218.00
220.00
218.00
215.00
218.00
216.00
216.00
222.00
220.00
222.00
223.00
222.00
224.00
227.00
226.00
228.00
235.00
238.00
239.00
237.00
237.00
235.00
235.00
240.00
242.00
238.00
240.00
240.00
239.00
241.00
242.00
240.00
240.00
242.00
239.00
242.00
242.00
241.00
245.00
243.00
246.00
244.00
247.00
243.00
243.00
244.00
242.00
238.00
235.00
234.00
226.00
224.00
226.00
229.00
228.00
231.00
229.00
230.00
228.00
228.00
225.00
230.00
227.00
231.00
232.00
230.00
230.00
227.00
222.00
225.00
224.00
223.00
224.00
226.00
225.00
223.00
