8.9
8.9
8.9
9
8.85
9.15
9.25
9.3
9
9.1
9
9.25
9.2
9.15
9.1
9.2
9.15
9.2
9.1
9.1
8.95
9
9
8.95
9.05
8.95
8.9
8.85
8.8
8.85
9
9
9.1
9.1
9
9
9.1
9.2
9.25
9.25
9.15
9.1
9.05
9.1
9.15
9.1
9.15
9.15
9.15
9.1
9.1
9
9.3
9.35
9.5
9.6
9.7
9.6
9.6
9.6
9.65
9.7
9.8
9.7
9.7
9.65
9.75
9.6
9.75
9.7
9.65
9.75
9.4
9.4
9.15
9.25
9.3
9.25
9.2
9.25
9.25
9.2
9.1
9.05
9.05
9.05
9.15
9.15
9.25
9.25
9.25
9.2
9.2
9.2
9.15
9.05
9.1
9.15
8.95
9
8.8
8.75
8.55
8.3
8.6
8.6
8.6
8.7
8.7
8.6
8.6
8.8
8.8
8.6
8.75
8.7
8.7
8.65
8.6
8.7
8.75
8.6
8.55
8.45
8.3
8.15
8
8.45
8.45
8.35
8.4
8.45
8.6
8.65
8.6
8.6
8.55
8.55
8.55
8.6
8.55
8.55
8.55
8.55
8.55
8.7
8.5
8.45
8.45
8.45
8.45
8.35
8.35
8.3
8.55
8.4
8.55
8.5
8.55
8.7
8.6
8.5
8.65
8.85
8.75
8.7
8.7
8.55
8.4
8.45
8.45
8.45
8.4
8.4
8.4
8.5
8.5
8.6
8.65
8.55
8.7
8.65
8.6
8.7
8.7
8.65
8.65
8.65
8.6
8.6
8.55
8.45
8.45
8.5
8.4
8.5
8.5
8.5
8.5
8.35
8.35
8.35
8.35
8.3
8.3
8.35
8.35
8.45
8.35
8.25
8.25
8.25
8.35
8.35
8.3
8.3
8.3
8.25
8.2
8.25
8.3
8.35
8.35
8.3
8.25
8.3
8.25
8.25
8.25
8.2
8.25
8.25
8.3
8.25
8.35
8.3
8.35
8.4
8.4
8.35
8.45
8.45
8.5
8.55
8.55
8.5
8.45
8.5
8.5
8.45
8.5
8.55
8.55
8.55
8.5
8.55
8.55
8.55
8.5
8.4
8.35
8.35
8.4
8.3
8.35
8.35
8.3
8.3
8.4
8.3
8.35
8.3
8.4
8.4
8.35
8.35
8.3
8.25
8.4
8.55
8.5
8.5
8.5
8.5
8.55
8.5
8.5
8.45
8.4
8.45
8.4
8.4
8.45
8.45
8.55
8.5
8.65
8.7
8.5
8.6
8.45
8.5
8.45
8.45
8.5
8.5
8.5
8.45
8.45
8.5
8.45
8.45
8.6
8.5
8.5
8.5
8.5
8.55
8.6
8.65
8.6
8.5
8.6
8.5
8.6
8.5
8.5
8.5
8.45
8.45
8.45
8.45
8.5
8.55
8.6
8.6
8.5
8.5
8.5
8.5
8.85
8.75
8.65
8.65
8.65
8.65
8.65
8.7
8.65
8.6
8.6
8.65
8.65
8.65
8.65
8.7
8.7
8.6
8.55
8.6
8.55
8.55
8.6
8.55
8.6
8.55
8.55
8.55
8.6
8.6
8.5
8.55
8.55
8.55
8.5
8.4
8.4
8.4
8.45
8.5
8.45
8.5
8.5
8.45
8.45
8.4
8.4
8.45
8.45
8.4
8.35
8.3
8.3
8.3
8.3
8.25
8.35
8.35
8.35
8.3
8.25
8.25
8.35
8.2
8.25
8.25
8.2
8.3
8.3
8.3
8.25
8.35
8.3
8.4
8.3
8.25
8.2
8.25
8.35
8.4
8.4
8.35
8.25
8.3
8.3
8.3
8.25
8.3
8.45
8.35
8.35
8.4
8.4
8.45
8.4
8.2
8.2
8.2
8.15
8.15
8.05
8.05
8.1
8.05
8.05
7.95
8.05
8
7.85
7.9
7.9
7.85
8
7.9
8
8
8.1
8.15
8.15
8.1
8.15
8.15
8.2
8.2
8.15
8.2
8.2
8.2
8.25
8.15
8.2
8.3
8.3
8.35
8.4
8.35
8.35
8.25
8.3
8.3
8.3
8.35
8.3
8.25
8.3
8.35
8.3
8.35
8.2
8.4
8.45
8.6
8.6
8.6
8.55
8.65
8.65
8.6
8.65
8.65
8.65
8.7
8.75
8.95
9.1
9.25
9.25
9.2
9.2
9.2
9.2
9.35
9.45
9.5
9.4
9.3
9.45
9.5
9.45
9.45
9.55
9.5
9.5
9.4
9.7
9.8
9.85
9.75
9.65
9.55
9.65
9.55
9.55
9.6
9.55
9.4
9.3
9.15
9.4
9.25
9.2
9.15
9.1
9
9
8.8
8.9
9.2
9
9
9
9.1
9.1
9.1
9.05
9.1
9.1
9.1
9.35
9.25
9.3
9.35
9.35
9.4
9.45
9.45
9.15
9.2
9.2
9.25
9.4
9.35
9.4
9.25
9.25
9.1
9.15
9.25
9.2
9.2
9.2
9.15
9.15
9.35
9.35
9.3
9.3
9.25
9.2
9.15
9.05
9.15
9.2
9.2
9.1
9.05
9.25
9.2
9.3
9.35
9.3
9.35
9.35
9.3
9.3
9.35
9.35
9.3
9.25
9.25
9.25
9.2
9.15
9.05
9.1
9.1
9
9.05
9
9
9
8.95
8.95
8.85
9
9
9
9.05
9.15
9.15
9.15
9.15
9.2
9.3
9.4
9.35
9.3
9.4
9.4
9.35
9.3
9.4
9.3
9.3
9.4
9.3
9.4
9.4
9.45
9.4
9.45
9.45
9.55
9.55
9.55
9.5
9.45
9.5
9.2
9.15
9.2
9.4
9.4
9.55
9.65
9.45
9.45
9.4
9.55
9.5
9.5
9.5
9.5
9.5
9.5
9.55
9.65
9.65
9.55
9.55
9.65
9.55
9.5
9.6
9.75
10
9.9
10
9.95
10.2
10
10.1
9.95
9.9
10
9.9
9.9
9.95
9.9
10
9.95
10.3
10.2
10.2
10.3
10.4
10.4
10.6
10.6
10.4
10.3
10.3
10.3
10.2
10.3
10.8
10.8
10.8
10.8
10.9
10.8
10.8
10.7
10.8
10.6
10.9
10.9
11
10.8
11
11
11.2
11.3
10.8
10.9
10.9
11
11.2
11.2
11.6
11.6
11.7
11.5
11.6
11.6
11.6
11.5
11.6
11.6
11.8
11.7
11.9
11.6
11.8
11.7
11.6
11.6
11.5
11.4
11.4
11.4
11.4
11.5
11.4
11.4
11.3
11.2
11.3
11.6
11.4
11.6
11.6
11.7
11.5
11.6
11.7
11.6
11.7
11.8
11.7
11.7
12
12.2
12
11.9
12.2
12.1
12
12
12.1
12.5
12.5
12.5
12.6
12.6
12.7
12.7
12.6
12.6
12.6
12.7
12.6
12.9
12.7
12.9
12.8
12.5
12.5
12.1
12.4
12.4
12.4
12.2
12.3
12.7
12.7
12.7
12.5
12.4
12.5
12.4
12.9
12.8
12.7
13.3
13.3
13.3
13.4
13.5
13.5
13.5
13.4
13.5
14.1
14
13.9
13.9
13.7
13.4
13.1
13.3
13.4
13.5
13.4
13.3
13.4
13.3
13.3
13.4
13.5
13.6
13.4
13.4
13.2
13.2
13.2
13.2
13.3
13.3
13.4
13.5
13.3
13.7
13.7
13.6
13.4
13.6
13.6
13.4
13.4
13.5
13.4
13.4
13.4
13.5
13.6
13.5
13.9
13.6
13.6
13.8
13.8
13.9
14
14.1
14
14.1
13.9
14
14
14
14
13.7
13.7
13.5
13.7
14
14.2
14.1
14.1
14.2
13.7
13.3
13.1
12.9
13.2
13.3
13
13.1
13.2
13.2
13.2
13.2
13.4
13.3
13.1
13.5
13.4
13.6
13.4
13.5
13.4
13.4
13.6
13.8
13.6
13.4
13.5
13.6
13.7
13.2
13
12.6
12.7
12.5
12.5
12.9
12.8
12.8
13.1
12.9
13
12.8
12.7
12.9
12.8
12.9
12.6
12.9
12.2
12.2
11.5
11.6
10.9
10.8
11.5
11.5
11.6
11.4
11
11.3
10.9
9.7
9.85
8.6
8.6
8.75
8.8
9.45
8.5
8.25
8.6
8.9
8.95
8.85
9.1
8.9
8.85
8.8
10.1
9.85
10.1
10.3
10.9
11.4
11
10.7
11.2
11.5
10.8
11
11
10.9
11.1
11.3
11.2
11.5
11.3
11.6
11.7
11.8
11.8
11.8
11.6
11.7
11.7
12
11.9
11.9
11.7
12
12
11.9
12.1
12.1
12.1
11.9
11.8
12
12
11.9
11.8
11.7
11.7
11.3
11.6
11.5
11.7
11.6
11.5
11.5
11.4
11.2
11.2
11.3
11.3
11.2
11.6
11.6
11.4
11.3
11.3
11.2
11.1
10.9
11
10.9
11
10.8
10.9
10.8
10.7
10.5
10.6
10.5
10.5
10.3
10.3
10.3
10.3
10.1
9.95
10.6
10.9
10.6
10.4
10.6
10.3
10.3
10.4
10.4
10.4
10.7
10.5
10.6
10.4
10.3
10.3
10.4
10.1
10
10
10
10
10.1
10.2
10
10
10.1
10
10
9.85
9.7
9.75
9.65
9.5
9.6
9.7
9.8
9.55
9.75
9.9
9.8
9.85
9.65
9.35
9.35
9
9.05
9.1
9.25
9
8.95
8.9
8.85
8.9
9
9.05
9.05
9.35
9.3
9.7
10.3
10.3
10.1
10.2
10.5
10.4
10.4
10.3
10.5
10.7
10.7
10.5
10.5
10.4
10.2
10.3
10.1
10.1
10.2
10.4
10.4
10.3
10.4
10.4
10.3
10.5
9.6
9.6
9.55
9.6
9.6
9.45
9.55
9.3
9.3
9.55
9.4
9.9
10.1
9.8
9.8
9.75
9.75
9.65
9.6
9.8
9.8
9.85
9.65
9.7
9.7
9.7
9.7
9.45
9.45
9.5
9.45
9.5
9.5
9.6
9.45
9.45
9.4
9.4
9.4
9.45
9.3
9.35
9.25
9.4
9.55
9.4
9.3
9.3
9.5
9.4
9.45
9.35
9.35
9.55
9.45
9.4
9.45
9.4
9.4
9.4
9.4
9.4
9.4
9.45
9.45
9.45
9.75
9.7
9.65
9.7
9.6
9.4
9.25
9.2
9.2
9.1
9
9.1
9.1
9.05
9
9
8.9
8.85
8.9
9
8.95
8.8
8.8
8.9
8.85
8.75
8.7
8.55
8.6
8.6
8.7
8.55
8.75
8.8
8.6
8.65
9
9
9.15
9.45
9.5
9.5
9.5
9.55
9.55
9.75
9.8
9.75
9.75
9.8
9.8
9.8
9.75
9.65
9.55
9.4
9.45
9.25
9.45
9.35
9.35
9.3
9.25
9.25
9.2
8.85
8.8
8.9
9
9
9
9.15
9.1
9.1
9.15
9.2
8.85
8.7
8.6
8.5
8.4
8.55
8.55
8.45
8.4
8.5
8.55
8.45
8.45
8.45
8.65
8.9
8.8
8.95
9.25
9.25
9.3
9.25
9.3
9.45
9.4
9.3
9.45
9.4
9.35
9.35
9.2
9.2
9.2
9.45
9.45
9.45
9.5
9.5
9.35
9.4
9.6
9.65
9.55
9.5
9.45
9.4
9.5
9.45
9.55
9.45
9.55
9.65
9.55
9.75
9.7
9.75
9.7
9.55
9.45
9.55
9.5
9.45
9.45
9.4
9.55
9.5
9.5
9.5
9.45
9.5
9.55
9.7
9.7
9.6
9.7
9.75
9.7
9.7
9.8
9.55
9.6
9.6
9.6
9.65
9.4
9.05
9.2
9.2
9.15
9.1
9.35
9.35
9.35
9.4
9.5
9.5
9.55
9.55
9.3
9.3
9.35
9.4
9.35
9.35
9.35
9.4
9.35
9.45
9.4
9.25
9.2
9.2
9.3
9.3
9.25
9.2
9.15
9.15
9.15
9.2
9.2
9.15
9.1
9.1
9.1
9.1
9.2
9.3
9.4
9.35
9.35
9.4
9.3
9.3
9.4
9.3
9.3
9.35
9.45
10.2
9.9
9.75
9.75
9.5
9.55
9.5
9.6
9.6
9.6
9.5
9.15
9.1
9.2
9.25
9.2
9.25
9.15
9.3
9.3
9.15
9.2
9.15
9.1
9.15
9.1
9.1
9.05
9.15
9.2
9.15
9.1
9.1
9.1
9.1
9.1
9.1
9.1
9.1
9.05
9.1
9.1
9.1
9.05
8.9
8.95
9
8.95
8.95
8.85
8.65
8.9
8.85
8.75
8.7
9
9.25
9.1
9
8.75
8.7
8.6
8.65
8.75
8.8
8.9
8.8
8.8
8.7
8.6
8.6
8.55
8.5
8.4
8.45
8.35
8.2
8.5
8.45
8.45
8.35
8.4
8.45
8.55
8.7
8.65
8.55
8.55
8.5
8.45
8.45
8.55
8.65
8.65
8.6
8.6
8.6
8.7
8.65
8.6
8.65
8.65
8.6
8.6
8.6
8.7
8.7
8.55
8.6
8.6
8.65
8.65
8.7
8.7
8.7
8.5
8.45
8.4
8.4
8.4
8.4
8.3
8.35
8.4
8.35
8.4
8.4
8.3
8.6
8.5
8.65
8.8
8.65
8.65
8.65
8.9
8.85
8.75
8.85
8.75
8.7
8.65
8.7
8.65
8.65
8.6
8.35
8.35
8.3
8.05
8.05
8.05
8
8
7.9
7.9
8
8.1
8.2
8.2
8.15
8.25
8.3
8.25
8.3
8.3
8.3
8.35
8.35
8.3
8.2
8.2
8.35
8.3
8.35
8.4
8.35
8.35
8.15
8.15
8.1
8.15
8.15
8.2
8.15
8.05
8.1
8.25
8.4
8.35
8.35
8.25
8.3
8.35
8.3
8.35
8.3
8.25
8.25
8.3
8.25
8.3
8.3
8.2
8.3
8.4
8.45
8.5
8.4
8.45
8.45
8.5
8.55
8.6
8.6
8.6
8.65
8.7
8.7
8.7
8.7
8.6
8.55
8.6
8.7
8.7
8.6
8.65
8.55
8.45
8.5
8.45
8.4
8.3
8.25
8.2
8.25
8.15
8.15
8.2
8.15
8.15
8.1
8.1
8.25
8.05
8
8
7.95
8.05
7.85
7.8
7.65
7.75
7.7
7.7
7.55
6.9
6.7
7.15
7.1
7.1
6.95
7
7.05
7.15
7.2
7.1
7.15
7.15
7
7.1
7.1
7.2
7.15
7.4
7.55
7.45
7.6
7.75
7.7
7.7
7.6
7.7
7.7
7.55
7.8
7.8
7.7
7.75
7.8
7.75
7.8
7.8
7.8
7.7
7.55
7.6
7.55
7.4
7.3
7.35
7.7
7.6
7.55
7.55
7.6
7.15
7.1
7.05
7.15
7.15
7.15
7.35
7.35
7.4
7.55
7.65
7.7
7.55
7.55
7.6
7.4
7.4
7.4
7.3
7.2
7.4
7.45
7.45
7.7
7.8
7.75
7.6
7.5
7.6
7.6
7.55
7.55
7.7
7.75
7.65
7.7
7.6
7.65
7.7
7.75
7.7
7.8
8.1
8
7.75
7.8
7.6
7.2
7.35
7.2
7.2
7.15
7.1
7.15
7.1
7.1
7.25
7.4
7.35
7.35
7.3
7.35
7.4
7.35
7.3
7.25
7.15
7.15
7.15
7.15
7.2
7.25
7.2
7.15
7.15
7.3
7.3
7.15
7.25
7.3
7.45
7.55
7.5
7.4
7.5
7.35
7.2
7.25
7.15
7.15
7.3
7.15
7.45
7.45
7.4
7.7
7.6
7.55
7.45
7.35
7.4
7.45
7.4
7.4
7.45
7.35
7.45
7.45
7.4
7.4
7.35
7.4
7.3
7.25
7.3
7.3
7.35
7.35
7.2
7.15
7.2
7.2
7.15
7.15
7.2
7.1
7.25
7.1
7.15
7.2
7.2
7.3
7.15
7.1
7.2
7.2
7.2
7.1
7.2
7.25
7.2
7.15
7.2
7.2
7.25
7.35
7.35
7.45
7.3
7.25
7.3
7.3
7.25
7.25
7.15
7.15
7.1
7.1
6.8
6.8
6.65
6.85
6.75
6.7
6.65
6.05
6
5.9
5.85
6
6
6.05
5.95
5.9
5.9
5.95
6
5.7
5.7
5.6
5.45
5.4
5.45
5.45
5.05
5.1
5.15
5.05
5.05
4.96
5.05
5.05
5.1
5.15
5.15
5.4
5.4
5.3
5.4
5.35
5.4
5.45
5.45
5.7
5.75
5.7
5.6
5.65
5.7
5.6
5.7
