43.75
43.25
42.25
40.75
41.50
42.00
42.50
42.75
42.50
42.50
42.25
42.00
42.00
39.50
38.50
38.50
39.00
39.25
39.25
39.25
38.50
38.75
38.75
38.00
38.25
38.00
37.50
36.50
37.00
38.25
38.00
38.50
39.75
39.75
39.00
40.50
40.50
40.75
40.50
40.50
40.25
40.00
39.00
39.25
40.00
39.00
39.00
38.50
40.00
38.75
39.00
37.75
37.75
37.25
37.25
37.25
37.75
37.25
37.75
38.00
37.75
38.00
38.50
39.25
39.50
39.00
39.25
39.50
40.50
41.00
40.00
42.75
42.00
41.25
41.75
40.50
41.75
41.50
41.50
42.00
42.00
43.25
43.00
42.75
41.75
41.00
41.50
41.75
41.75
41.50
42.00
42.25
41.75
41.75
41.75
41.50
40.75
40.50
39.25
38.50
39.00
38.25
38.50
37.75
38.50
39.25
39.25
41.00
40.75
40.00
39.75
40.00
39.75
40.00
39.75
39.50
40.00
39.00
39.75
40.25
40.00
39.75
39.25
38.25
38.75
37.25
38.00
38.75
38.50
39.25
39.00
39.25
40.00
39.75
38.75
38.50
38.50
38.00
38.25
38.75
38.00
37.50
36.75
37.75
37.50
38.25
37.75
37.00
36.50
36.50
37.00
36.50
36.50
36.25
38.50
38.00
38.25
38.75
38.75
41.25
39.75
40.00
40.00
39.75
39.25
38.75
38.75
38.50
38.00
39.00
39.00
38.75
38.75
38.50
38.75
39.00
39.00
38.75
39.50
39.75
39.00
39.00
38.50
38.25
37.50
37.25
36.75
37.50
37.50
37.25
37.25
37.00
37.25
38.25
38.00
37.75
37.75
38.00
37.25
37.25
37.25
37.50
37.25
36.75
36.50
36.50
36.75
37.00
36.75
36.75
37.25
37.00
36.50
36.25
36.25
36.00
35.75
35.25
36.00
36.00
35.50
35.00
35.00
35.25
35.25
34.50
34.25
34.25
34.25
34.75
34.75
35.25
35.00
35.00
35.25
34.75
34.75
34.50
34.50
35.50
35.75
35.50
35.50
35.75
35.75
35.25
35.50
35.25
35.25
35.25
35.50
35.25
35.00
35.25
35.00
35.00
34.75
34.50
34.75
35.00
35.00
35.00
35.25
34.25
34.50
34.50
34.25
34.50
34.50
34.75
34.75
35.00
35.25
36.00
36.50
36.25
36.50
36.25
36.50
36.25
36.00
35.75
36.00
36.25
36.00
36.50
37.25
37.75
37.50
37.25
37.75
37.50
38.00
38.25
38.25
38.00
38.50
37.25
37.00
38.25
38.50
38.00
39.25
39.75
39.75
39.25
39.50
40.75
41.00
41.00
40.25
39.50
40.00
40.00
41.00
40.00
40.75
40.00
40.00
40.50
40.75
41.00
41.00
41.75
41.50
41.00
41.50
41.00
40.75
40.00
40.50
40.00
39.75
39.50
40.00
39.00
39.75
40.25
40.00
39.75
40.25
40.50
40.75
41.25
41.50
41.00
40.25
40.75
40.25
40.75
40.50
41.50
42.00
42.50
42.50
43.50
43.75
43.50
43.25
43.00
43.00
43.50
43.50
44.50
44.50
45.25
44.25
44.50
44.50
43.25
43.75
45.00
45.00
45.00
45.25
45.00
44.25
43.50
45.25
46.00
45.50
46.00
45.75
46.25
49.00
47.50
49.00
46.75
47.25
46.75
45.50
46.75
47.75
47.00
45.75
48.00
49.00
50.50
50.00
51.00
51.75
51.25
53.00
54.00
53.50
53.50
52.25
54.25
56.75
57.50
54.25
54.25
55.25
55.00
53.75
54.00
53.50
54.00
53.75
54.25
56.75
57.75
57.75
58.25
58.50
55.50
54.50
51.50
53.00
52.50
53.50
52.75
54.00
54.75
53.50
52.25
51.50
51.50
51.75
52.00
50.75
49.50
51.50
51.50
51.75
52.50
50.50
48.75
48.75
48.75
50.50
50.00
50.50
51.25
50.50
50.50
51.00
51.25
51.00
49.00
48.75
51.00
52.00
50.25
51.25
49.75
49.00
48.25
48.50
45.50
43.50
46.25
46.00
46.25
48.25
47.25
45.75
47.25
47.00
47.00
47.25
47.50
48.25
48.00
48.00
49.25
50.75
49.75
49.50
51.75
52.50
52.00
52.00
50.75
50.25
50.75
50.50
49.25
48.50
52.00
50.75
50.75
51.00
52.50
51.50
52.50
50.00
48.75
50.00
48.75
49.50
50.00
49.00
50.00
48.25
45.75
45.75
45.75
46.25
46.25
45.75
44.25
47.00
45.25
45.25
44.25
44.75
45.25
45.50
46.00
45.50
45.50
46.25
46.25
46.50
45.25
45.50
45.00
45.50
45.00
44.50
43.75
44.50
44.00
43.50
43.00
45.25
45.50
45.75
45.00
45.25
45.00
44.50
44.25
44.25
44.00
42.75
42.75
41.25
41.75
42.50
42.50
43.25
43.00
43.25
43.75
44.00
43.25
43.50
43.25
44.50
44.50
44.00
43.75
43.00
42.25
41.75
41.25
39.50
39.75
39.50
38.50
37.50
39.25
39.00
39.50
39.75
39.75
39.25
38.25
38.00
38.75
38.50
38.75
37.75
37.75
38.50
38.75
38.75
39.75
42.00
42.00
41.75
41.75
42.50
41.75
42.00
41.75
41.50
40.75
39.75
39.75
39.50
38.75
39.00
39.50
39.25
39.50
39.50
39.25
39.25
39.25
39.00
39.25
39.00
39.25
39.25
39.00
40.25
41.00
41.00
41.50
41.50
41.25
41.50
40.75
40.75
39.75
40.25
40.25
40.00
40.00
39.75
40.50
40.50
40.50
40.75
42.00
42.00
42.00
42.25
43.00
43.75
43.75
43.25
42.25
42.50
41.50
42.00
41.75
40.00
41.00
40.75
41.25
41.75
40.75
39.75
38.50
40.00
40.00
40.00
38.75
39.50
39.75
39.50
40.00
39.50
38.50
38.75
38.50
38.25
39.25
39.25
40.00
40.75
40.50
40.75
41.75
42.50
42.25
43.00
43.25
45.00
45.00
46.00
45.00
45.25
46.00
46.50
46.00
46.00
44.75
43.00
43.75
43.50
44.00
44.75
45.50
46.00
44.75
44.50
44.75
45.75
44.50
45.00
45.25
45.50
46.25
46.00
43.50
43.00
42.25
43.25
42.75
42.75
43.50
42.75
42.75
42.50
43.75
43.75
45.50
44.75
44.50
43.75
43.75
43.75
43.75
43.50
43.00
44.00
44.00
44.25
43.50
43.25
43.00
43.25
43.25
43.00
42.75
42.75
42.50
41.25
40.75
40.50
40.50
39.75
37.75
36.50
36.00
35.25
34.75
35.25
34.75
35.00
35.25
34.75
34.00
34.25
33.75
35.00
35.75
35.75
35.50
35.25
36.00
36.25
36.25
36.25
36.00
36.25
36.25
36.00
36.00
35.75
35.25
35.00
35.50
35.50
36.25
36.00
36.00
35.75
35.75
35.50
35.25
35.25
35.50
35.25
35.00
34.50
34.50
34.75
34.50
34.25
34.00
34.00
34.25
34.00
34.00
33.75
33.50
32.25
32.25
32.25
32.50
32.25
31.00
31.00
30.50
32.25
32.75
31.75
31.75
31.50
31.50
30.75
30.75
31.25
32.00
32.00
33.00
32.50
34.25
34.75
34.50
34.25
34.00
34.00
33.75
33.50
32.75
31.75
31.50
31.25
31.25
31.50
31.75
31.50
32.00
32.75
33.00
32.75
32.00
31.75
32.25
32.00
31.50
32.00
31.75
31.50
31.25
30.75
30.75
29.75
29.75
30.00
30.00
27.50
27.25
26.50
27.25
27.50
27.25
28.00
28.75
28.75
29.50
29.75
29.25
29.50
28.25
27.25
26.75
27.25
28.00
27.50
28.00
28.25
28.75
28.25
28.25
27.75
27.75
26.75
26.75
26.00
26.00
25.25
25.00
26.00
26.00
25.25
25.25
25.00
26.00
25.75
25.00
24.50
24.50
24.60
25.25
25.00
24.60
24.80
23.10
23.80
23.10
23.70
23.80
23.50
24.00
24.00
24.60
24.30
23.80
22.30
21.50
21.90
22.20
21.20
21.40
21.40
21.70
21.70
21.20
22.00
23.00
22.90
22.60
22.30
22.50
22.40
22.20
21.60
21.30
20.90
21.20
20.90
19.80
19.30
18.00
18.70
18.00
18.80
19.70
20.30
21.10
21.10
20.00
19.80
20.00
18.00
17.90
16.20
14.90
14.50
14.20
15.50
13.20
13.10
13.50
14.40
14.50
14.40
15.40
14.80
14.80
15.10
17.30
17.90
17.40
17.50
19.10
20.60
19.50
18.60
19.50
20.40
20.10
20.00
20.30
21.40
21.20
21.00
22.10
21.60
19.80
18.70
19.10
19.60
19.90
19.70
19.00
18.80
18.20
20.40
21.20
20.00
20.80
21.70
23.50
23.90
24.30
24.90
24.70
24.40
24.50
25.00
25.00
25.00
26.25
24.80
25.00
24.40
25.50
26.00
25.50
24.80
23.70
23.50
23.20
22.70
23.20
22.40
23.00
23.00
24.40
23.80
23.50
23.00
22.60
22.40
22.00
21.00
21.60
21.90
21.70
21.90
23.20
22.10
23.00
22.40
21.90
21.20
22.40
22.80
23.40
23.10
22.60
22.70
22.60
23.90
24.70
24.40
25.00
25.25
24.40
24.30
25.75
26.75
26.75
26.00
26.75
27.00
27.25
25.75
25.75
25.25
24.30
24.70
24.90
24.30
23.30
25.25
25.00
24.20
23.90
23.50
23.00
22.90
22.80
22.50
23.00
22.70
22.50
22.40
21.50
21.30
20.80
21.90
21.80
21.40
21.60
21.50
20.50
20.40
19.50
19.60
20.60
20.00
19.70
20.30
20.40
20.00
19.70
20.40
20.50
20.20
21.10
21.00
21.50
24.40
23.80
23.70
23.70
24.10
24.10
24.40
24.40
24.40
24.90
24.40
24.70
25.50
25.00
24.30
24.60
24.60
24.80
24.90
26.25
26.00
26.00
25.75
26.00
26.00
26.25
23.70
24.20
23.50
23.50
23.60
22.70
24.00
23.70
24.60
25.00
24.60
25.00
24.20
24.00
23.90
24.50
24.80
24.70
24.30
24.00
25.25
25.00
25.00
25.25
25.75
25.50
24.80
24.70
24.90
25.00
25.25
26.75
29.50
31.00
30.00
29.50
29.50
30.00
29.25
29.75
29.75
31.00
30.25
33.00
32.25
33.25
33.00
32.75
32.75
31.75
34.00
33.25
34.50
34.75
34.50
33.00
33.50
34.25
33.75
33.75
34.25
34.00
35.00
34.00
34.25
36.00
36.75
37.25
36.50
36.00
35.50
34.25
33.00
33.00
33.50
32.75
33.00
33.00
32.50
31.50
30.25
30.50
30.25
31.75
31.75
32.25
31.75
30.50
31.50
31.25
31.00
31.00
30.75
30.75
31.50
31.25
33.00
33.00
32.75
32.00
32.75
33.00
34.00
33.25
33.25
34.25
34.75
35.75
35.75
36.00
36.25
35.75
35.75
35.00
35.50
36.50
36.25
35.50
35.50
34.75
34.75
34.00
33.00
33.75
33.25
33.00
33.25
32.75
32.75
33.25
32.75
31.75
32.50
32.50
33.50
33.00
32.75
32.75
31.25
30.25
29.75
29.50
29.50
29.25
28.75
28.50
27.75
28.25
28.25
27.50
27.00
28.50
29.00
29.00
29.00
29.50
31.00
32.00
32.00
32.25
34.25
32.75
33.00
33.00
32.75
34.25
33.25
32.25
32.25
32.50
32.50
32.75
32.75
32.50
32.75
34.00
34.50
34.50
34.25
34.50
34.75
35.25
35.00
35.00
35.00
35.00
34.25
34.25
34.75
36.00
35.75
35.50
36.25
37.00
36.50
36.50
36.00
35.75
35.75
35.50
35.75
35.75
36.00
35.75
35.75
35.75
36.00
36.00
36.25
35.75
36.00
37.00
36.50
37.25
36.75
36.50
36.50
36.25
36.00
35.75
35.50
34.50
33.50
34.25
34.00
33.75
32.25
31.00
30.75
32.75
32.00
32.00
34.25
33.75
33.50
33.50
33.25
33.50
33.50
33.00
31.75
32.00
32.00
32.50
32.25
32.25
32.00
32.00
31.25
31.75
32.00
30.50
30.50
30.75
31.25
33.50
33.50
34.00
34.50
34.50
34.75
34.50
34.25
33.50
33.25
33.25
33.25
34.75
35.00
35.25
35.00
35.00
35.00
35.00
35.25
35.25
35.25
35.25
35.00
35.75
36.00
36.50
36.00
35.25
35.50
35.00
34.50
34.50
35.75
36.50
37.25
37.00
35.50
36.00
36.00
36.75
37.25
37.00
36.50
37.25
37.50
39.75
39.25
39.50
38.75
40.00
40.25
41.00
39.75
40.00
40.25
40.25
40.50
40.00
39.25
40.00
40.75
41.75
42.50
43.00
42.50
41.75
43.00
44.00
43.25
43.00
44.25
46.50
44.25
44.00
43.50
42.75
42.75
42.25
40.75
40.75
41.50
40.25
40.00
40.25
40.50
40.25
40.25
40.75
41.00
42.25
42.00
41.75
41.00
40.75
40.50
41.00
42.75
42.75
41.50
41.75
41.75
41.75
42.25
43.50
44.00
43.50
43.25
43.25
42.75
43.75
43.75
44.00
43.75
43.25
41.50
41.75
42.00
41.75
40.25
40.00
39.75
39.75
40.50
40.00
41.00
41.25
40.75
41.00
41.25
42.00
42.00
41.75
42.25
42.00
41.50
41.00
41.75
41.75
42.50
43.00
43.50
43.75
43.25
43.75
43.50
43.75
44.00
44.00
42.75
42.50
43.00
42.75
43.50
44.50
45.75
45.50
45.25
46.25
47.25
47.25
47.00
46.50
48.00
45.25
46.25
47.75
46.75
46.75
48.50
47.75
48.75
48.50
48.25
49.00
46.75
49.25
50.00
49.50
50.50
49.25
49.00
49.25
48.25
49.50
50.00
49.50
50.00
49.25
51.50
51.50
51.75
50.75
51.25
49.75
47.75
47.75
48.50
49.00
48.25
50.00
50.25
47.25
49.25
47.50
47.25
45.75
46.50
47.00
47.00
48.25
48.75
48.50
48.25
49.50
48.25
48.50
48.50
48.00
48.00
48.00
48.00
48.50
48.25
48.50
48.50
48.50
50.00
49.25
49.75
49.75
50.50
50.75
50.25
50.25
51.00
52.00
51.25
51.50
51.50
50.50
50.00
50.00
51.00
50.75
51.50
51.50
51.25
50.00
50.75
51.75
52.25
52.00
52.00
52.00
52.00
51.75
52.50
52.75
54.00
54.00
55.25
55.00
56.00
55.50
54.50
55.25
54.50
55.00
54.25
54.75
55.75
56.50
55.75
55.75
56.50
55.50
55.00
55.00
55.50
55.50
57.25
57.50
55.75
52.75
53.75
55.00
54.25
53.75
54.00
54.75
56.00
57.25
57.50
56.25
56.00
56.50
56.00
56.75
56.00
56.00
55.50
55.00
55.25
55.25
55.75
54.75
54.25
55.00
55.00
53.50
53.00
54.00
54.00
54.75
55.50
55.00
55.75
56.50
55.50
55.50
55.00
54.00
51.75
49.25
49.75
49.25
49.50
50.00
51.50
51.50
51.50
50.75
49.75
50.25
49.75
49.50
49.25
49.25
50.00
49.75
49.75
50.50
50.00
49.50
48.75
48.25
48.25
48.00
47.25
46.75
46.00
45.75
46.25
47.00
49.50
48.50
49.00
48.50
47.25
46.75
47.25
47.00
45.25
44.50
44.75
45.75
45.50
45.00
45.00
44.50
43.75
43.75
44.75
46.50
47.25
46.75
45.50
46.25
46.25
46.25
47.00
46.50
48.50
42.50
41.00
43.00
42.25
42.75
43.75
43.25
44.25
44.75
46.25
47.25
47.25
47.75
47.00
46.75
46.50
46.50
47.50
46.50
47.75
47.75
47.50
47.75
48.00
48.25
47.75
47.75
47.50
47.75
47.00
47.50
48.00
46.75
47.00
47.25
47.25
45.75
45.75
45.25
44.75
44.50
44.00
44.00
43.75
45.00
45.25
44.75
43.75
44.00
44.50
44.25
45.00
45.25
45.00
45.50
45.75
46.00
45.75
45.75
46.25
46.25
45.00
44.00
42.50
43.25
42.75
43.50
43.50
43.75
43.75
42.75
42.75
42.00
42.50
42.25
42.25
42.00
42.25
43.00
43.50
43.25
43.00
43.00
43.00
43.50
43.50
43.50
43.50
43.50
43.00
43.25
43.75
43.75
43.75
44.50
45.00
46.25
46.00
45.50
44.75
43.50
43.00
43.00
43.00
42.50
42.50
42.00
41.75
41.50
41.50
42.50
42.50
42.50
43.50
43.25
43.50
42.75
43.25
43.00
42.75
42.50
42.50
42.50
42.50
42.50
42.50
42.25
42.00
42.25
42.75
42.75
43.00
42.50
44.50
43.75
43.00
42.75
42.00
42.25
42.75
42.75
43.00
43.00
43.00
43.25
43.75
43.00
42.75
42.75
43.25
43.75
44.75
44.25
43.75
44.25
43.25
43.00
42.75
43.50
44.00
