3.45
3.48
3.43
3.28
3.3
3.38
3.45
3.53
3.5
3.53
3.75
3.73
3.75
3.75
3.68
3.78
3.75
3.7
3.68
3.88
3.8
3.88
3.88
4
3.95
3.95
3.9
3.95
3.93
4
4.13
4.08
4.13
4.15
4.13
4.13
4.23
4.43
4.38
4.38
4.3
4.23
4.23
4.35
4.33
4.23
4.33
4.35
4.35
4.33
4.3
4.28
4.3
4.25
4.2
4.23
4.25
4.55
4.7
4.73
4.8
5
5.15
5.05
5.25
5.25
5.5
5.4
5.45
5.5
5.45
5.7
5.8
5.8
5.45
5.2
5.3
5.35
5.55
5.7
5.65
5.5
5.55
5.35
5.2
5.1
5.25
5.2
5.4
5.5
5.4
5.45
5.4
5.35
5.45
5.4
5.85
6
5.6
5.65
5.45
5
4.65
4.38
4.65
4.95
4.95
5
5.2
5
5.05
5.4
5.2
5.3
5.25
5.25
5.2
5.1
5.25
5.4
5.4
5.5
5.4
5.05
5.05
4.65
4.85
5.35
5.4
5.5
5.65
6
6.05
6.25
6.1
6.6
6.6
6.4
6.5
6.3
6.5
6.45
6.6
6.6
6.75
6.65
6.45
6.4
6.65
6.6
6.55
6.45
6.5
6.6
6.85
6.55
6.85
7.3
7.15
7.05
6.95
7
6.95
7.2
7.05
7.2
7.25
7.15
7.1
7.05
7
6.7
6.6
6.45
6.5
6.45
6.5
6.6
6.55
6.55
6.6
6.55
6.5
6.5
6.45
6.5
6.55
6.5
6.45
6.55
6.55
6.45
6.45
6.55
6.5
6.35
6.05
6.05
6.1
5.9
5.95
5.8
5.95
5.9
5.85
5.75
5.9
5.85
5.85
5.75
6.05
6
6.1
5.95
6
5.95
5.95
5.85
5.85
6
6
5.95
5.85
5.9
5.55
5.45
5.35
5.1
5.2
5.5
5.6
5.5
5.4
5.4
5.4
5.35
5.3
5.15
5.2
5.25
5.45
5.35
5.3
5.25
5.25
5.25
5.2
5.15
5.25
5.25
5.15
5.2
5.15
5.2
5.2
5.1
5.05
5.05
5.2
5.3
5.25
5.45
5.35
5.4
5.25
5.05
5.05
4.85
5.2
5.45
5.65
5.65
5.7
5.8
5.95
5.9
5.95
5.9
5.65
5.65
5.8
5.85
5.9
5.9
5.85
5.85
5.85
5.7
5.75
5.75
5.75
5.7
5.7
5.8
5.8
5.85
6.2
6.15
6.05
6
5.8
5.75
5.75
5.6
5.55
5.55
5.75
5.7
5.75
5.75
5.7
5.65
5.6
5.65
5.7
5.65
5.5
5.5
5.55
5.9
5.75
6.05
6.1
6.1
6.1
6
6.05
5.95
6.15
5.9
6.25
6.3
6.3
6.2
6.1
6.2
6.2
6.1
6.1
6.25
6.4
6.45
6.6
6.65
6.85
6.7
6.8
6.8
6.7
6.6
6.95
6.8
6.8
6.7
6.6
6.75
6.75
6.6
6.55
6.7
6.65
6.6
6.6
6.8
6.85
6.75
6.7
6.8
6.75
6.95
7.1
7.3
7.25
7.25
7.35
7.4
7.25
7.4
7.6
7.75
7.85
7.7
7.75
7.55
7.5
7.65
7.8
7.8
7.9
8.15
8
8.2
8.75
8.7
8.6
8.55
8.75
8.55
8.6
8.3
8.15
8.25
8.45
8.3
8.25
8.25
8
7.75
7.95
7.95
7.6
7.45
7.75
7.6
7.7
8
8.1
8.05
8
8.25
8.15
8.2
8.15
8.15
8
7.8
7.85
7.75
7.7
7.65
7.6
7.65
7.7
7.7
8
8.05
8.35
8.5
8.4
8.45
8.35
8.5
8.75
8.7
8.7
8.65
8.4
8.25
8.05
8.3
8.4
8.3
8.35
8.25
8.3
8.25
8.55
8.5
8.6
8.45
8.55
9.15
9.55
9.35
9.65
9.15
9.3
9.35
9.25
9.15
9.1
9.35
9.25
9.4
9.35
9.35
9.15
9.1
9.05
9.15
9.05
8.95
9.3
9.3
9.4
9.5
9.75
9.55
9.5
9.45
9.45
9.6
9.55
9.45
9.15
9.5
9.7
9.7
9.6
9.5
9.45
9.45
9.55
9.4
9.6
9.55
9.5
9.6
9.55
9.85
9.9
10
9.85
9.85
9.55
9.4
9.2
9.35
9.2
9.2
9.05
8.9
8.75
9
9.15
8.9
8.8
8.9
8.85
8.9
8.9
8.9
9.05
9.15
9.2
9.15
8.9
8.9
9
8.85
8.85
8.85
8.75
8.65
8.1
8.3
8.75
8.8
8.7
8.3
8.5
8.55
8.8
8.8
8.9
8.95
8.8
8.45
8.5
8.65
8.8
8.85
9
8.9
8.95
9.05
9.1
9.05
9.25
9.1
9.15
9.25
9.3
9.25
9.4
9.15
9.35
9.35
9.3
9.2
9.4
9.3
9.35
9.7
9.55
9.6
9.55
9.6
9.6
9.7
9.6
9.6
9.7
9.7
9.6
9.6
9.7
9.7
9.7
9.8
10.05
10.1
10.4
10.3
10.35
10.7
10.9
11.25
11
11.1
10.9
10.8
10.8
10.65
10.85
10.8
10.5
11.2
11.1
11.05
11.05
10.95
10.85
10.25
10.5
10.5
10.6
10.3
10.35
10.4
10.55
10.6
10.5
10.55
10.7
10.5
10.35
10.25
10.15
9.95
9.9
9.45
9.15
9.35
9.25
9.3
9.3
9.25
9.4
9.5
9.5
9.5
9.35
9.45
9.9
9.75
9.8
9.9
9.65
9.45
9.1
9.15
9.1
8.9
8.9
8.2
8.15
7.95
7.75
7.45
6.55
6.75
6.7
6.85
6.85
6.35
6.55
6.65
6.5
6.5
6.45
6.5
6.45
7
6.95
7.1
7.2
7.45
7.35
7.45
7.6
7.5
7.6
7.6
7.6
7.35
7.35
7.55
8.05
8.2
8.3
8.25
8.3
8.1
8.3
8.65
9
8.8
8.95
8.95
9.05
9
9.15
9.1
9.3
9.35
9.5
9.65
9.55
9.2
9.3
9.15
9.35
9.3
9.2
8.9
8.65
8.8
8.75
8.8
8.95
9.1
9.35
9.3
9.2
9.15
9.1
9.25
9.25
9.15
9.2
9.2
9.2
9.65
9.75
9.65
9.6
9.45
9.7
9.85
9.9
10
9.7
9.7
9.55
10.05
9.85
10.05
9.85
10.05
9.95
9.55
9.65
9.55
9.65
9.8
9.8
9.65
9.7
9.75
9.85
10.1
10.3
10.4
10.45
10.25
10.3
10.65
10.85
10.85
11.35
11.15
10.85
10.8
10.8
10.75
10.85
11.15
10.9
11.15
11.25
11.05
11
11
11.3
12.25
12.15
12
12
11.8
11.9
11.8
11.9
11.85
11.95
12.15
12.15
12.15
12
12.63
12.3
12.45
12.5
12.88
13
12.75
12.63
12.45
12.63
12.75
13
13
13.25
13.13
13.13
13
12.75
13
12.88
13
13
13.13
13.13
12.75
12.75
12.88
12.63
12.45
12.63
12.45
12.2
12.25
12.15
11.95
11.75
11.65
11.65
11.7
12.15
12.25
12.3
12.2
12.3
12.15
12.25
12.25
12.63
12.45
12.45
12.5
13
13.5
13.63
13.88
13.88
14.25
14.38
14.5
14.25
14.5
14.13
14.13
14.38
14
14.63
14.5
14.25
14.25
14.5
14.38
14.38
14.38
14
14.38
14.25
14
14.25
13.88
13.88
14
14.13
14.25
14.13
14
13.38
13.5
13.75
13.63
13.63
13.38
13.25
13.75
13.38
13.25
13.25
13
12.63
12.4
12.5
12.88
13
13
13.25
12.5
12.35
12.3
12.25
11.8
11.9
12
12.4
12.35
12.75
13
13.13
13.13
13
13.13
13.13
13.88
13.5
13
13.5
13.5
13.5
13.38
13
13.25
13.13
12.88
12.4
12.63
12.63
12.88
13.13
12.63
12.45
12.4
12.4
11.85
11.8
11.25
11.3
11.1
10.55
11.3
11.25
11.8
11.7
11.1
11.5
11.25
10.2
9.85
8.8
8.3
8.8
8.95
9.85
8.4
7.15
6.85
7.05
7.45
7.55
7.8
7.8
8.1
7.95
8.75
8.6
9
9.1
9.95
10.35
9.7
9.15
9.6
10.1
10.15
10.15
10.4
10.25
10.4
10.35
10.55
10.75
10.9
10.75
10.45
10.9
10.9
10.9
10.6
10.75
11.5
12.63
12.25
12.15
12.25
12.25
12
12.15
12.25
12.25
12.63
12.63
12.63
13.38
13.63
13
13
13.25
14.38
13.5
14
14
13.88
14.38
14.63
14.63
14.38
14.25
14.25
14.13
14.13
14.88
15
14.75
15.5
16
16.5
17
16.63
17.25
17.13
17.25
17.25
17.5
18
17.88
18
17.75
18
17.88
19.13
19.75
18.88
18.88
18.63
18.75
18.63
18.13
17.38
18
18.5
19.63
19.88
19.75
20.5
21.13
20.25
20.5
20.63
20.63
20.5
19.88
20.5
20.88
21.13
20.25
20.38
19.25
19.5
20.25
19.88
19.63
20.5
20
20
20.63
20.13
20.13
20.5
20.25
19.75
20.63
21.13
21
20.25
21
21.25
21.13
21.38
21.25
20.75
20.38
19.88
20
20.25
22
22
21.63
21.5
20.75
20.5
20.5
20.88
21.38
21.25
20.88
20.63
19.5
19.38
20
20.38
19.88
19.63
19.75
19.75
20
20
19.25
19
19
20.13
20.5
20
19.75
19.63
19.63
19.63
19.25
19
19
19.25
19.5
19.38
18.38
18.5
18.88
19
19.38
19.63
19.88
19.5
19.38
19.88
19.38
20.38
21.25
20.63
20.13
20.38
20.5
20.38
21.13
22.38
21.88
21.63
21
22
21.75
21.88
21.5
21.63
21.88
21.88
22.63
22.88
23.38
23.25
23.75
23.13
23.63
23.88
23.88
24
23.75
23.38
22.63
22.75
23.75
25.63
24.88
27.25
29.38
27.88
27.75
27.63
28.5
28.25
28.5
28
28.38
30.13
29.38
29.13
30.25
29.75
30.5
30.5
30.13
30
29.88
32.38
32
32.88
32.13
31.75
33.63
33.5
33.75
33.13
36.25
37.25
36.13
36.13
36.38
36.5
36.88
36.88
37.5
37.5
36.88
37.13
38.25
37
36.5
37.13
36.38
35.5
36.13
37.13
36.88
37
36.38
35.38
35.5
35.75
37.13
37.13
35.5
36
35.5
35.25
34.63
34.5
34.75
34.38
34.13
33.63
33.5
34.88
34.63
35.13
34.75
35
35.25
34.5
34.75
34.5
35.88
34.88
35.38
35.13
35
35.13
34.5
34.5
33.13
33.5
33.88
34.75
33.88
34.5
34
33.5
33.38
33.25
32.63
32.5
32.25
32.38
31.13
31.5
31.38
31.38
31
31.63
31.75
31.63
32.5
32
32
33.63
33.25
33.13
33.88
33.88
33.75
33.63
34.13
34.63
34.88
34.38
34.5
34.88
35.75
35.13
35.75
36.13
36.63
36.88
36.75
35.38
35.38
35.63
35
35.5
35.38
35
32.88
32.75
33.38
33.63
33.13
35.63
35.38
35.13
36
36.13
35.75
35.88
36
36.13
35.63
36.25
36.25
36.13
36
36.63
36.38
35.75
35.88
36.13
35.63
34.75
36
35.75
35.88
35.88
35.75
37.63
37.88
38
38.25
37.75
37.88
37.88
39
40
40.38
40.25
39.5
38.88
38.75
38.75
39.25
39
39.13
39.63
39.88
39.88
39
39.63
40
39.75
39.88
40.63
41
41
40.75
40.75
41.38
41.38
40.88
41.88
41.63
41.5
41
40.88
40.88
39.88
39.88
39.63
39.63
39.13
39
38.75
38.5
37.88
39.13
38.63
38.88
39.38
39.25
40.25
40.25
39.13
39.13
39.13
39.25
39.38
38.5
37.88
36.75
38.25
37.5
38.13
38.88
38.88
40.13
39.63
40.88
41.25
41.75
40.75
41
41.13
39.13
38.88
41.88
41.75
42.25
40.75
40.5
42.25
42.75
41.75
42
41.75
41.5
42.75
42
42.75
41.5
42.25
43
42.5
42.75
42.5
42
42.5
41.5
41.75
41.5
42.75
42.5
42.75
42.25
42.75
42.25
41.75
42
41.75
40.75
39.75
39.25
38.25
38
36
36.25
37.25
37.5
38.5
37.5
37.75
37.75
37.25
37
37.25
37.5
38
37.75
37.5
36.25
35.75
34.75
34.25
33.75
33.75
32.75
32.5
32
31.5
31.5
32
31.75
31.25
32
32
32.5
31.25
30.25
30
29
28.75
27.5
27.25
28
27.75
28
27
27
28.5
27.75
27.25
28.5
29.25
29.75
31
31
30.5
33.25
32.5
32.25
32.5
33.5
33
33
32.5
33.25
33
34
34.25
34.25
34
33.75
33.75
34.25
36
35.5
35
35
34.5
34
34
34
33.75
34
34
33.75
33.5
33.5
33.25
33.75
33
33.25
32.5
31.75
32.25
31
30.5
30.25
30
29
29
27.5
28.75
30
30.25
30.5
30.25
30.75
31.25
32
32.5
32.25
31.75
31.5
30.75
29.75
30.25
29.75
30.25
31.25
31
30.75
31
30.25
30.25
29.5
29.75
30.5
31
32.25
31.75
31.25
31.25
31.75
32
32.75
32.5
32.25
31.75
31.75
31.75
32.75
32.5
32.75
32.75
32.75
32.5
32.5
33
32
32.25
31.75
32.25
32
32.25
32
32.75
33
33.25
33.25
34
35
34.5
35
34.5
35.5
35
34.75
34.5
33.75
33.75
33.5
32.75
32.75
32.25
32.25
32.25
30.5
30.5
31.25
31
31.25
33
32.5
32.25
32.25
31.75
31.5
31
30.5
30
29.5
29
29.75
29.75
29.25
30.75
30.5
31.75
31
31.25
30.5
30.75
30.5
30.5
31.5
30.5
31.5
31.75
31.75
30.5
31.25
30.75
30.5
30
30.75
31
31
31.25
31.75
31.5
31.25
30.5
30.5
29.75
29.75
27
27.5
27.5
27.5
26.75
28
28.25
28.25
28
27.5
27.25
26.5
25.75
25.75
25.25
24.3
26.25
26.5
27.5
28
27.75
28
27.75
27.25
27
27.5
27.75
27.25
27.75
27.75
28
27.5
28.25
28.25
29
29
29
28.5
28.25
28.5
28.5
28.5
28.75
28.25
27.5
27.75
27.25
27.5
26.75
26.75
26.25
25.5
25.25
25.25
25.75
26.5
27
27.5
27.5
26.75
26.75
26.5
27.5
26.25
26.75
27.75
28
28.25
28.5
28.5
28
28
28
27.5
28.5
28
27.5
27.5
27.25
26.75
27.25
28.25
28.25
28.75
28.75
28.75
30
30
30.5
31.25
31.75
31.75
32
31.75
32
32.5
32.25
32.75
32.5
32.25
32.5
32.25
32.75
32.5
31.75
30.75
31.25
30.75
31.25
32
31.75
32
32.25
31.75
31
30.5
30.5
31.25
31.25
31.25
31.25
31.5
31
30
30.75
31
30.5
29.5
29.75
28.25
28.75
28
28
27.75
27.25
27.75
27.25
26.75
27
28
27.75
26.75
26.25
27
25
26
21.8
22.1
22.8
22.3
23
23
23.3
23.1
23.5
23.3
23
23.1
22.8
22.9
22.6
22.4
22.9
22.4
22.3
22.3
21.8
22.1
22.8
22.6
22.7
22.8
23.2
23.6
23.5
23.7
23.5
23.8
26.5
25.75
26
25.75
25
24.8
24.6
23.2
23
22.8
22.3
22.1
21.7
22
21.6
20.8
21.6
21.5
21.3
21.6
21.7
21.2
21
21.4
21.4
22
22.6
22.5
22.5
22.4
22.4
22.3
22.1
21.7
21.9
21.9
21.9
22.5
20.9
20.8
20.4
20.7
20.1
19.9
19.5
19.7
18.9
19.4
19.3
19.3
19
19.1
18.8
19
18.8
18.1
18.6
18.7
18.3
19
19.2
18.9
19.1
19.3
19.2
18.9
