25.25
25.00
24.40
24.70
24.60
25.50
25.50
26.50
26.50
25.75
25.50
25.00
25.75
25.25
24.00
23.80
23.50
23.20
25.00
26.00
26.00
28.00
28.00
28.50
28.50
29.00
29.00
29.00
28.75
29.00
29.75
29.75
29.50
29.25
28.50
28.75
29.75
30.00
29.00
29.75
29.00
28.75
28.75
28.75
28.75
27.00
28.25
27.75
28.75
28.25
28.25
27.75
27.25
27.75
28.75
28.75
28.25
27.50
27.75
27.00
26.50
28.00
27.50
28.00
28.00
28.25
28.75
28.75
28.75
28.25
27.75
28.00
28.50
28.00
27.00
27.50
28.00
27.75
28.75
29.25
28.75
29.75
31.50
31.50
31.75
32.25
32.50
32.50
31.75
32.50
32.25
33.25
33.00
31.25
32.00
32.50
31.75
31.75
30.25
31.50
31.25
30.75
31.25
29.75
30.50
30.75
30.75
31.25
31.25
31.00
32.00
33.00
32.00
31.75
31.75
31.25
31.50
31.75
31.75
32.75
32.75
32.75
32.00
30.50
30.00
29.00
30.50
31.75
32.00
32.00
31.75
31.25
31.50
32.00
31.75
32.00
31.25
31.50
31.50
31.50
30.75
30.25
30.50
30.75
30.50
31.25
30.75
29.00
28.75
28.75
27.75
27.75
28.25
28.50
28.25
28.25
28.50
29.00
28.75
28.75
28.50
28.50
29.25
29.00
29.25
28.50
28.50
28.25
27.50
28.00
28.25
28.50
28.50
28.00
28.75
28.75
28.50
28.75
29.00
29.50
29.50
29.75
30.25
29.50
30.25
29.75
30.00
30.00
29.50
29.50
29.25
28.50
28.50
28.50
29.00
29.50
28.75
28.75
29.00
28.50
28.25
28.00
28.50
28.50
28.50
28.75
28.50
28.75
28.50
28.75
28.50
28.25
28.25
28.25
28.50
28.25
27.00
27.50
28.00
28.25
28.00
28.00
28.25
28.00
28.25
28.25
28.25
28.00
27.50
27.25
27.50
27.75
27.75
27.75
29.25
29.25
29.75
29.25
29.25
29.00
28.25
27.75
28.25
28.25
28.00
28.00
28.00
27.75
27.75
27.50
27.25
27.00
27.00
27.25
26.25
26.50
26.50
26.25
26.75
26.50
26.50
26.25
26.25
25.75
24.80
25.00
24.70
24.50
25.00
24.50
24.60
24.80
25.00
25.00
25.00
24.90
24.90
24.90
24.80
24.90
24.90
24.60
25.00
25.25
25.25
25.00
25.25
25.00
25.00
25.00
25.00
25.25
25.50
25.25
25.75
25.50
25.50
25.25
25.00
25.00
25.00
24.80
24.90
24.90
24.80
24.90
24.70
23.90
23.60
24.30
24.60
24.90
25.25
25.00
24.90
24.90
25.00
25.00
24.90
24.90
24.60
24.70
24.70
24.80
24.70
25.00
25.50
26.00
27.00
26.75
27.00
27.00
27.25
26.25
26.50
26.25
26.00
26.25
25.75
26.00
26.50
26.50
27.25
27.00
27.75
27.50
27.50
27.25
27.50
27.00
27.00
26.75
26.50
27.00
27.50
27.25
27.50
27.50
27.25
26.50
26.75
26.50
26.00
26.75
27.00
27.00
26.50
26.50
26.25
26.25
26.75
26.75
26.25
26.50
26.25
26.75
26.00
26.50
26.25
26.25
25.75
26.00
26.00
25.75
25.50
25.00
25.75
25.75
25.75
25.50
25.25
25.50
25.00
24.40
24.30
24.90
24.60
24.70
24.70
24.60
24.60
24.50
24.70
24.30
23.60
24.00
24.20
23.80
23.90
23.90
24.30
24.40
24.30
24.30
24.20
24.20
24.60
24.60
24.80
24.70
24.50
24.40
24.10
24.00
24.80
24.50
24.40
24.20
24.30
24.60
24.60
24.40
24.40
24.30
24.60
24.30
24.30
24.20
24.10
24.10
23.60
23.90
23.90
23.80
23.60
23.60
23.40
23.20
23.10
22.90
22.80
22.80
23.00
23.10
23.00
22.90
22.80
23.50
22.90
22.90
22.70
22.80
22.70
22.90
22.90
22.70
22.70
23.80
24.10
24.00
24.10
24.20
24.20
25.50
25.00
26.25
26.00
26.00
25.25
25.25
25.00
25.00
25.25
25.50
25.25
25.25
25.50
24.90
24.50
24.80
24.80
24.50
23.60
23.90
23.40
23.60
23.80
23.80
23.60
23.60
24.30
24.30
24.60
24.40
24.60
24.40
23.90
23.60
23.70
23.80
23.50
23.50
23.50
25.00
25.00
24.90
25.25
25.25
24.90
24.80
24.50
24.80
24.60
25.00
25.00
25.50
25.50
25.00
25.25
25.00
25.75
26.00
26.00
25.75
25.25
25.00
24.70
24.10
24.70
24.60
24.60
24.80
24.60
24.80
24.60
24.20
24.40
24.70
24.60
24.30
24.80
25.25
25.50
25.50
25.50
26.25
26.25
26.00
25.75
25.75
26.75
26.50
26.50
26.75
27.00
27.25
27.50
26.75
26.75
25.50
26.50
26.00
26.25
24.90
25.75
25.25
26.00
25.75
26.25
26.50
26.00
26.50
26.25
26.50
26.25
26.25
26.00
25.75
25.75
26.25
26.00
26.00
26.00
26.25
25.50
25.75
26.25
25.75
25.25
25.75
25.50
25.75
25.50
25.25
25.25
25.00
25.00
25.25
24.80
24.80
24.80
24.60
24.50
24.20
24.20
24.40
23.90
24.10
24.50
24.50
24.40
24.40
24.10
24.20
24.30
24.10
24.40
24.80
25.25
25.00
25.25
25.25
25.00
25.25
25.25
25.00
25.25
25.25
25.25
24.60
25.00
25.00
24.80
25.00
24.80
25.00
25.25
25.50
25.50
25.00
25.00
25.50
25.50
25.25
25.25
25.00
25.00
24.70
24.80
24.70
24.70
24.90
24.90
24.70
24.70
24.50
24.10
24.10
24.60
24.80
25.00
25.00
25.25
25.50
25.25
25.75
25.75
25.75
26.00
26.25
26.75
26.50
26.50
27.00
26.75
27.00
27.25
27.25
27.50
27.25
27.25
27.25
27.25
27.25
27.25
27.50
26.75
26.75
27.25
27.50
27.25
26.75
26.75
26.00
26.50
26.50
26.50
26.25
26.50
26.25
26.00
26.25
26.00
25.75
25.75
25.75
25.50
25.00
26.00
26.00
26.50
26.00
25.50
25.50
25.75
26.25
25.75
26.00
25.50
25.75
25.50
25.50
26.00
26.00
26.00
25.75
26.00
25.00
25.25
25.50
25.50
25.75
25.75
25.75
25.75
25.50
26.25
26.00
26.00
27.25
28.25
28.25
28.25
28.00
27.25
27.75
27.75
27.50
26.25
26.50
27.00
26.75
27.25
27.00
27.50
27.50
27.00
27.00
27.00
27.75
28.00
27.75
28.00
28.00
28.00
28.50
28.25
28.75
28.75
28.25
28.50
28.50
28.50
28.00
27.75
28.25
28.25
28.25
28.25
28.50
29.00
29.75
29.75
30.00
30.25
30.00
30.00
29.75
29.75
28.75
28.75
28.75
29.25
28.75
28.75
28.00
28.00
27.50
27.25
27.75
27.25
27.25
26.75
27.00
27.25
27.75
27.75
27.25
28.50
28.75
29.00
28.75
29.25
29.50
29.75
29.75
29.75
29.75
29.75
29.50
29.50
29.00
28.00
29.25
29.25
29.25
29.00
27.75
28.50
28.25
28.25
27.50
26.25
26.75
26.25
26.25
26.25
26.75
26.25
26.50
26.50
26.25
26.00
26.00
25.75
25.75
26.25
25.50
26.25
26.25
26.50
26.50
27.00
26.50
26.00
25.50
25.75
25.50
25.00
24.50
24.80
24.90
25.25
24.60
25.00
25.75
26.25
26.50
26.50
26.00
26.00
26.00
26.00
26.25
25.75
25.50
25.50
26.00
25.75
26.00
26.25
27.50
27.50
27.50
26.50
26.50
26.75
26.50
26.00
25.75
26.00
26.75
26.50
26.75
26.50
27.00
27.50
27.25
27.75
27.75
27.75
27.50
27.50
27.75
28.25
27.75
28.00
28.00
29.50
29.25
29.50
29.25
29.50
30.25
30.50
30.50
30.50
30.25
30.75
30.50
30.25
28.75
29.75
30.25
30.00
28.00
29.50
29.25
28.75
29.00
29.00
29.75
29.50
28.75
28.75
28.50
29.00
28.75
29.75
28.50
29.00
27.00
27.75
26.75
26.50
27.50
27.50
28.25
27.50
24.20
25.25
24.70
21.80
22.00
20.80
20.30
21.20
21.90
23.30
21.60
22.50
23.50
23.50
24.20
24.00
24.30
24.30
25.50
25.25
26.00
25.75
25.50
24.90
25.75
26.75
25.75
25.25
26.75
27.50
27.00
27.75
27.75
27.50
28.25
28.00
27.25
27.00
27.00
27.00
27.25
27.50
28.50
28.25
28.75
28.75
29.00
29.00
29.00
28.75
28.25
28.75
29.00
31.25
31.00
31.50
31.50
32.00
32.25
33.00
32.75
32.00
30.50
30.75
30.50
29.75
30.50
31.25
32.00
32.25
32.00
31.50
31.25
30.75
31.75
31.75
31.75
31.50
32.00
31.75
32.00
32.00
32.00
31.75
33.75
33.50
34.50
33.75
34.00
34.50
34.50
34.25
33.50
33.00
33.75
33.25
33.75
33.00
33.25
33.25
33.00
32.50
33.00
32.75
33.25
33.00
33.25
33.75
33.25
33.00
33.25
33.75
33.50
33.75
33.75
33.75
32.25
31.50
31.75
31.75
29.75
29.75
29.50
29.25
29.00
30.00
30.50
30.25
30.00
29.25
29.25
29.25
28.25
27.75
28.75
28.50
28.00
27.75
28.25
28.00
28.00
28.00
28.00
27.50
27.00
26.50
26.00
26.25
26.00
25.75
25.75
26.00
26.00
25.25
25.50
25.50
25.25
25.50
26.00
25.50
27.00
26.50
27.50
28.00
27.25
27.75
27.50
27.75
27.75
27.75
28.25
29.00
30.00
29.00
29.25
29.00
29.25
28.75
28.75
27.75
28.25
28.25
28.75
28.50
28.00
28.00
27.50
27.50
27.50
25.75
26.00
26.75
27.00
27.00
26.50
27.00
26.75
28.50
29.25
28.50
28.25
28.00
28.00
28.50
28.50
28.50
28.50
29.25
29.25
28.75
29.00
28.25
28.50
28.25
28.25
27.75
27.25
27.75
27.50
27.25
27.00
27.25
27.75
27.25
27.25
27.25
27.00
27.25
28.00
28.25
29.00
28.00
29.00
28.75
28.75
29.00
28.25
29.75
29.00
29.00
29.25
29.50
29.50
30.75
30.50
30.50
30.25
30.50
30.50
30.00
30.00
29.25
29.00
29.25
29.25
29.25
29.50
29.50
29.25
29.25
29.00
28.75
29.25
29.50
29.25
29.50
29.75
29.25
29.25
29.00
29.00
28.75
28.75
28.75
29.00
29.00
28.50
28.50
28.75
28.75
29.75
29.50
29.00
28.50
27.50
28.00
27.75
27.50
27.25
27.00
27.25
27.50
27.25
27.25
27.25
27.25
27.00
27.00
27.00
27.25
27.25
27.00
27.25
27.50
27.25
27.00
27.00
27.00
27.00
26.75
26.50
26.50
26.25
26.25
26.50
27.00
26.50
26.50
26.25
26.25
25.75
26.25
25.25
26.25
26.25
26.25
26.25
26.25
26.25
26.25
26.75
26.75
26.25
26.50
26.00
26.50
26.50
26.50
26.25
27.00
26.50
26.75
26.25
26.00
25.75
25.75
26.00
26.00
26.00
26.50
26.75
27.00
27.00
27.00
26.75
27.00
27.00
26.75
27.00
26.50
26.50
26.25
26.25
26.25
26.25
26.50
26.25
26.25
26.25
26.00
26.25
26.25
26.00
26.00
25.75
25.75
25.75
25.75
25.75
25.75
25.75
25.75
25.50
25.75
25.75
25.50
25.75
25.50
25.75
25.50
25.50
25.50
25.50
25.50
25.25
25.25
25.25
25.00
25.25
25.00
25.00
25.00
25.00
24.90
24.80
25.25
25.25
25.25
25.00
24.80
25.00
25.00
25.00
24.90
24.90
24.60
24.60
23.80
23.90
23.70
24.00
24.10
24.00
23.70
23.80
23.80
23.80
24.00
24.40
23.90
23.60
23.70
23.70
23.80
23.70
23.90
25.00
25.50
27.00
26.50
26.75
27.00
27.00
27.25
26.75
26.50
26.50
26.50
25.75
25.50
25.25
25.75
26.00
25.50
25.75
25.50
25.50
25.25
25.75
25.25
25.25
25.25
25.50
25.25
25.50
25.75
25.50
25.50
25.50
25.75
26.00
26.25
26.25
26.25
25.25
25.75
25.25
25.00
24.90
24.80
24.30
23.60
23.20
23.80
23.80
23.80
23.90
24.00
24.40
24.60
24.40
24.10
24.20
24.00
24.10
24.20
24.20
24.30
24.50
24.10
24.20
24.30
23.90
23.60
23.60
23.50
23.50
23.60
23.60
23.60
23.70
23.90
23.70
24.00
24.00
24.10
24.10
24.20
24.00
23.50
23.30
23.80
23.80
23.60
24.70
25.75
25.50
25.00
25.00
25.25
25.25
25.50
26.00
26.00
26.00
26.00
26.25
26.00
26.00
26.00
26.50
26.50
26.25
26.00
26.25
26.50
26.00
26.50
26.25
26.25
26.00
26.25
26.00
26.25
26.25
26.50
26.00
26.00
26.25
26.25
26.50
27.00
26.75
26.50
26.00
26.00
26.25
26.00
25.00
25.25
25.00
25.25
25.25
25.00
25.25
25.25
25.25
25.00
25.00
24.80
25.00
25.50
26.25
26.50
26.25
26.25
26.25
26.00
26.00
26.00
26.00
26.00
26.25
26.00
25.75
26.00
26.00
25.75
25.50
25.50
25.75
26.00
26.00
26.00
26.00
25.75
25.50
25.25
25.25
25.25
25.00
24.90
25.25
24.90
24.80
24.80
24.80
25.00
25.00
24.20
24.30
24.70
24.50
24.50
24.60
25.00
25.00
25.25
25.00
24.90
24.90
25.00
25.25
25.25
25.25
25.50
25.25
25.50
25.25
25.25
25.25
25.00
25.25
25.25
25.00
25.25
25.00
24.40
24.40
24.20
24.40
24.20
24.00
23.80
23.60
23.60
23.50
23.70
23.90
24.00
23.60
23.60
23.60
23.60
23.60
23.80
23.80
23.90
24.40
24.10
24.20
24.20
24.40
24.60
24.50
24.60
24.50
24.70
24.80
24.60
24.20
24.20
24.20
24.20
24.00
24.00
24.20
24.20
24.20
24.20
24.10
24.20
24.10
24.00
24.00
23.60
23.60
23.60
23.50
23.60
23.90
23.80
23.80
23.60
23.60
23.30
23.20
22.90
22.90
23.00
22.70
22.80
22.90
22.60
22.90
22.90
23.00
22.70
22.50
22.20
22.00
22.00
21.90
22.10
22.00
22.00
21.90
21.80
20.70
21.30
21.20
21.70
21.40
21.60
21.80
22.10
21.70
21.70
21.90
21.90
21.40
21.20
21.70
21.40
21.40
20.90
20.90
20.90
20.80
20.70
21.00
20.90
20.70
20.70
20.70
20.30
20.40
20.30
20.30
20.60
20.40
20.40
20.30
20.30
20.40
20.20
20.00
19.80
19.40
19.50
19.40
19.40
20.10
19.90
20.40
20.30
20.20
20.20
20.10
20.00
20.50
20.50
20.50
21.50
21.50
21.60
21.50
21.30
21.20
21.40
21.10
20.90
20.90
20.30
19.90
19.80
19.50
19.50
19.30
19.70
19.70
19.90
19.70
19.50
19.40
19.70
19.60
19.50
19.50
19.70
19.50
19.80
19.70
19.60
19.90
19.70
19.70
19.80
19.80
20.30
20.00
19.70
19.50
19.40
19.30
19.40
19.60
20.00
19.50
19.10
19.40
19.40
19.50
20.10
20.70
20.50
20.50
21.00
21.10
20.90
20.70
20.60
20.70
21.00
21.20
21.20
21.20
21.00
21.40
21.40
21.90
21.70
21.20
21.00
20.20
20.90
20.80
20.70
20.60
20.30
20.10
20.70
20.30
19.70
20.20
20.40
20.10
19.70
18.60
19.10
19.00
18.70
19.10
19.00
18.60
18.30
18.20
18.40
18.20
18.50
18.70
18.70
18.50
18.60
19.20
19.10
18.80
19.00
18.80
18.10
18.40
18.20
18.60
18.60
18.80
18.80
19.00
19.00
18.90
18.90
19.20
19.50
19.70
19.90
19.10
19.30
19.20
18.90
18.80
18.40
18.50
18.70
18.80
18.60
18.40
18.50
18.70
18.80
19.10
19.20
19.40
19.60
19.30
19.30
19.30
19.30
18.90
18.80
19.10
19.10
19.10
19.10
19.00
18.50
18.40
18.10
17.70
17.10
17.80
18.00
18.30
18.20
18.80
18.60
18.50
18.90
18.90
19.00
18.90
18.70
18.60
18.20
18.20
17.90
17.90
18.20
17.80
17.80
18.70
18.70
18.40
18.40
19.00
18.90
18.50
18.00
17.90
18.40
18.50
18.30
18.80
18.80
18.80
18.90
18.40
18.80
18.70
18.80
18.60
18.40
18.50
18.40
18.40
18.20
18.50
18.20
18.10
18.00
