41.7500
41.2500
36.5000
37.2500
32.5000
34.0000
31.5000
33.0000
35.2500
37.2500
36.7500
36.5000
34.7500
36.5000
35.2500
30.0000
31.0000
29.2500
29.0000
26.0000
23.5000
24.7000
21.0000
21.0000
24.1000
26.5000
25.0000
26.5000
28.0000
27.0000
28.5000
27.7500
31.7500
31.7500
31.7500
34.0000
33.2500
33.0000
31.7500
31.5000
33.5000
35.5000
35.5000
35.0000
36.0000
36.2500
36.0000
37.2500
36.7500
37.0000
35.7500
36.0000
36.2500
37.0000
37.7500
37.7500
36.0000
34.2500
34.5000
36.2500
36.0000
36.0000
34.7500
35.2500
36.2500
36.7500
37.2500
38.5000
37.7500
38.2500
37.5000
37.0000
37.5000
36.0000
36.7500
35.5000
35.0000
33.2500
36.0000
35.0000
34.0000
34.2500
34.0000
34.5000
32.7500
31.7500
32.5000
31.7500
32.7500
32.7500
34.2500
34.0000
34.0000
33.5000
32.7500
32.0000
30.7500
30.0000
30.0000
30.0000
29.7500
29.7500
30.0000
28.7500
29.2500
28.7500
30.0000
29.2500
29.5000
28.7500
29.0000
29.0000
29.0000
28.7500
28.5000
30.0000
30.0000
29.7500
29.2500
30.5000
29.7500
30.5000
30.0000
30.0000
29.7500
29.7500
31.2500
31.0000
29.7500
29.2500
29.2500
28.7500
28.0000
28.0000
28.2500
27.0000
26.5000
28.2500
29.2500
28.5000
28.0000
27.5000
27.7500
27.0000
26.7500
27.0000
27.2500
26.2500
26.0000
26.2500
25.0000
25.5000
26.0000
27.2500
27.7500
27.7500
28.0000
28.5000
26.7500
26.5000
24.8000
25.7500
26.7500
27.5000
27.0000
27.7500
26.5000
26.7500
26.7500
26.5000
26.7500
26.2500
27.2500
27.0000
28.5000
32.5000
31.5000
31.2500
32.5000
33.0000
33.7500
34.5000
33.7500
34.7500
34.5000
33.5000
33.2500
33.0000
33.7500
32.5000
32.5000
33.7500
34.7500
35.0000
35.0000
35.0000
34.5000
34.2500
34.2500
34.7500
35.2500
32.2500
32.0000
31.5000
32.7500
33.0000
31.5000
32.0000
30.7500
30.7500
31.2500
30.2500
31.0000
31.2500
30.7500
30.5000
30.5000
30.5000
30.7500
30.2500
30.2500
30.2500
32.2500
32.2500
32.7500
32.0000
31.5000
31.0000
30.7500
30.7500
31.2500
31.5000
32.0000
32.2500
33.5000
34.5000
33.7500
33.5000
32.7500
32.5000
32.2500
32.2500
32.0000
31.5000
33.7500
33.0000
33.5000
33.5000
34.2500
35.7500
36.7500
36.5000
36.7500
36.7500
38.0000
37.7500
37.0000
36.7500
36.5000
36.5000
36.2500
36.0000
36.5000
37.2500
36.7500
36.7500
37.2500
37.2500
38.0000
37.2500
37.7500
38.0000
36.2500
34.7500
34.7500
34.5000
33.2500
34.0000
35.7500
35.0000
35.2500
35.2500
35.0000
33.7500
34.7500
35.7500
35.2500
35.0000
33.2500
34.2500
35.0000
35.0000
35.0000
32.5000
32.0000
32.0000
31.7500
33.0000
32.7500
32.7500
32.0000
32.0000
31.7500
33.0000
33.2500
33.2500
34.5000
35.7500
36.7500
37.0000
37.5000
37.7500
37.2500
37.2500
37.5000
37.5000
36.7500
36.7500
36.5000
36.2500
36.2500
35.2500
35.0000
34.7500
34.7500
34.5000
33.5000
34.2500
34.0000
34.2500
35.0000
34.0000
32.7500
33.5000
33.0000
33.5000
33.0000
32.7500
32.7500
32.2500
31.7500
32.2500
32.0000
31.5000
31.7500
31.2500
31.0000
31.0000
30.7500
31.5000
30.5000
30.2500
31.2500
31.0000
31.0000
31.0000
30.2500
31.0000
32.0000
31.7500
32.7500
34.0000
33.5000
33.7500
34.0000
34.0000
34.5000
34.2500
34.2500
34.7500
34.5000
34.2500
33.7500
33.5000
32.7500
33.0000
33.5000
33.7500
33.5000
33.7500
33.2500
32.7500
33.5000
34.0000
34.0000
34.0000
34.0000
34.0000
33.5000
33.5000
34.2500
34.2500
34.5000
34.7500
34.7500
34.7500
35.2500
36.0000
35.5000
35.5000
35.2500
35.2500
35.5000
34.7500
34.2500
34.0000
34.0000
34.7500
34.5000
34.2500
34.5000
34.5000
34.7500
35.7500
36.2500
36.2500
36.0000
36.5000
36.2500
36.5000
36.5000
36.0000
35.7500
36.0000
35.7500
36.7500
36.2500
34.0000
33.0000
32.0000
33.0000
33.2500
33.0000
34.2500
34.5000
34.2500
34.7500
35.0000
34.7500
35.2500
35.5000
34.2500
34.0000
34.2500
34.7500
33.7500
32.5000
32.2500
32.0000
32.0000
32.5000
32.7500
32.0000
31.7500
32.0000
32.0000
32.2500
32.2500
32.2500
33.0000
32.7500
32.7500
33.5000
33.0000
33.5000
33.5000
33.5000
33.0000
33.2500
34.0000
34.0000
34.5000
34.5000
34.2500
37.5000
37.0000
38.0000
38.2500
38.0000
38.0000
38.7500
38.7500
39.0000
38.0000
37.7500
38.2500
36.7500
37.7500
38.2500
38.2500
38.7500
39.0000
38.0000
36.7500
37.0000
38.0000
38.0000
38.0000
38.2500
37.5000
38.5000
38.7500
39.0000
39.0000
38.7500
37.7500
38.0000
38.2500
38.5000
38.7500
40.2500
39.7500
40.0000
39.7500
40.0000
40.0000
40.7500
40.2500
40.2500
40.2500
41.2500
41.0000
40.5000
40.2500
40.0000
40.0000
40.0000
40.0000
39.5000
39.2500
39.2500
39.2500
38.5000
39.0000
38.7500
36.7500
35.5000
36.2500
37.0000
36.7500
37.0000
37.2500
37.0000
36.7500
36.7500
37.0000
37.5000
38.0000
38.0000
37.7500
37.7500
37.0000
36.7500
36.5000
36.2500
35.2500
35.2500
35.0000
34.5000
34.2500
34.5000
34.5000
34.5000
34.2500
34.5000
34.7500
35.2500
35.2500
35.0000
35.5000
35.0000
34.2500
34.2500
35.2500
35.2500
35.0000
35.0000
35.0000
35.0000
35.2500
35.0000
35.2500
35.5000
35.7500
36.5000
36.5000
36.5000
37.7500
37.5000
37.5000
37.5000
38.0000
38.5000
38.5000
38.7500
38.5000
39.0000
39.2500
39.5000
39.7500
39.7500
39.2500
39.7500
40.2500
40.5000
40.0000
39.5000
40.7500
40.5000
40.2500
40.7500
39.7500
40.0000
39.5000
40.5000
40.7500
40.7500
40.5000
40.0000
40.0000
38.7500
38.7500
39.7500
39.0000
39.5000
38.7500
38.5000
40.2500
40.0000
39.7500
39.5000
38.0000
39.7500
39.5000
39.5000
39.2500
39.0000
38.7500
39.2500
39.7500
40.0000
39.7500
40.2500
40.2500
40.7500
40.5000
41.5000
42.0000
42.0000
41.7500
41.5000
41.2500
41.0000
40.2500
40.7500
40.2500
40.5000
41.0000
41.5000
41.2500
41.5000
42.0000
42.0000
42.5000
42.7500
42.7500
42.7500
42.7500
42.2500
42.5000
43.0000
44.0000
43.7500
43.7500
43.2500
43.2500
43.5000
43.7500
44.0000
43.2500
43.7500
45.0000
44.7500
44.7500
45.0000
45.5000
45.5000
45.7500
46.2500
47.0000
46.2500
46.2500
47.5000
46.0000
46.2500
46.2500
44.7500
45.2500
44.2500
44.5000
43.2500
43.2500
43.5000
44.0000
43.2500
43.0000
43.5000
43.7500
43.5000
43.7500
43.0000
42.5000
43.5000
44.2500
44.7500
44.5000
44.2500
44.2500
45.5000
45.5000
45.7500
45.0000
44.7500
45.2500
44.0000
44.2500
44.7500
45.2500
45.2500
44.0000
44.2500
44.7500
45.0000
45.2500
44.0000
44.0000
44.2500
44.2500
43.2500
42.0000
41.5000
43.5000
44.0000
44.0000
43.7500
44.2500
45.0000
45.7500
45.7500
45.5000
45.0000
45.0000
44.0000
44.7500
45.0000
44.5000
44.7500
45.0000
45.2500
45.2500
44.5000
44.7500
44.7500
43.7500
43.5000
44.2500
44.2500
44.0000
44.2500
44.5000
44.7500
44.7500
46.0000
45.5000
45.7500
45.5000
46.5000
46.5000
45.2500
45.7500
43.7500
43.0000
42.2500
42.7500
43.0000
42.5000
41.7500
42.0000
42.5000
41.7500
42.0000
40.5000
40.2500
39.0000
39.2500
40.7500
40.7500
40.5000
41.0000
40.0000
39.7500
40.0000
39.7500
39.7500
39.2500
38.7500
37.7500
38.2500
37.7500
36.7500
36.5000
39.0000
39.0000
40.2500
39.5000
39.0000
38.7500
39.0000
39.0000
38.5000
38.2500
39.5000
40.5000
39.7500
40.7500
40.7500
41.0000
40.7500
40.7500
40.7500
42.2500
41.2500
41.0000
39.7500
39.5000
39.0000
38.0000
39.0000
39.0000
39.5000
38.7500
38.5000
39.0000
39.0000
39.5000
41.2500
41.2500
41.5000
40.7500
41.2500
41.0000
40.7500
41.2500
40.7500
40.0000
40.2500
41.0000
41.5000
41.2500
41.0000
41.0000
41.5000
41.0000
39.2500
39.5000
39.5000
39.2500
39.5000
39.7500
39.5000
39.2500
38.5000
37.7500
38.7500
39.0000
39.0000
39.7500
39.5000
39.0000
38.2500
38.7500
39.0000
39.0000
38.5000
39.2500
38.7500
38.2500
37.7500
38.0000
38.5000
38.2500
38.5000
38.2500
36.7500
37.0000
37.2500
37.0000
37.5000
37.2500
37.2500
37.2500
38.2500
38.7500
38.2500
39.2500
39.0000
39.5000
39.2500
39.0000
38.7500
39.0000
38.2500
38.5000
38.7500
38.7500
37.7500
38.5000
38.7500
38.5000
38.5000
38.7500
38.5000
37.7500
38.2500
39.5000
40.0000
39.7500
40.0000
40.0000
40.2500
40.2500
40.5000
40.7500
41.0000
40.5000
39.5000
39.2500
39.5000
39.0000
39.2500
39.2500
38.7500
38.5000
38.5000
38.2500
37.7500
37.2500
35.2500
34.2500
34.2500
35.0000
34.7500
34.7500
35.0000
34.0000
33.2500
32.7500
33.0000
32.2500
32.7500
33.7500
33.5000
33.5000
34.5000
35.0000
34.7500
34.5000
34.2500
34.0000
34.0000
34.0000
34.5000
34.7500
34.0000
34.0000
34.7500
35.5000
35.5000
35.7500
35.7500
36.2500
36.2500
35.7500
35.7500
35.7500
36.7500
36.2500
37.2500
37.2500
37.2500
36.7500
36.5000
35.7500
36.2500
36.0000
36.0000
35.7500
35.2500
34.7500
35.2500
