28.25
28.5
28.5
28.5
28.25
28.5
28.5
28.5
28.75
28.75
28.75
28.75
29
29
29
29
29.25
29.25
29
29.25
29.25
28.25
27.75
28
28.5
29
29.25
29.5
30
28.5
27.75
28
27.75
28
28
28.25
27.75
27.75
28
28
28.75
28.5
28
27.5
27.5
27.25
27.25
27.25
27.75
27.75
27.25
27.5
27.25
27
27.25
28
27.75
28
27.75
27.75
27.5
27.5
27.5
27.25
27.5
27.75
27.75
27.75
27.5
26.75
26.25
26
26
25.75
25.75
25.75
25.75
25.75
25.75
25.75
25.75
25.75
26.25
25.75
26.25
26.25
26.25
26.25
26.25
26.5
26.5
26.75
26.5
26.5
26.75
26.5
25.75
25.25
26.75
26.75
26.75
26.5
26.5
27
26.75
26.5
26.5
26.5
26.25
26.75
27
26.75
27
27
27.5
27.25
27.25
27.5
27.5
26.75
26.75
27
27.5
27.5
26.75
27
26.75
26.5
27
27.25
26.75
26.25
26.5
26.5
26.25
26.75
26.75
27.25
27.25
27
27.25
27.25
27.5
27.5
27
27.25
27.75
28
28.5
28
27.75
27.75
27.5
28.25
28.25
28
28
28.25
28.25
28
28.75
29.25
28.5
28
28.25
28.25
28.25
28.25
28.75
28.75
28.25
28.75
28.75
28.5
28.25
28.75
28.75
28.5
27.75
27.5
28
27.75
27.75
26.75
27.25
27.75
27.5
27.75
27.75
27.75
27.75
28
28.5
28.25
28.5
28.75
28.75
28.5
28.75
28.75
28.5
28.75
29
28.75
28.5
28.5
28.75
28.5
28.25
28.25
28.5
28.25
27.75
28
28.25
28.25
28.25
28
28.75
29.25
29.5
29.5
29.75
29.75
29.75
29.75
29.75
29.5
29.25
29.25
29.5
29.5
29.5
29.25
29.25
29.5
29.5
30
30.25
29.5
30.5
30.5
30
30.25
30.5
29.75
29.5
29.5
29.75
29.5
29.25
29.25
29
29
28.5
28.25
28.5
28.25
28
27.5
28
28
28
28
28.25
28
27.5
27.75
28
28.5
29.25
29.5
30
30
30
30
29.75
29.25
29
28.75
28.75
29
29.5
29.5
29.75
30
30
30.25
29.75
30
30.25
30
29
29.5
30
30
30.25
30.25
29.75
30
30.25
30
30.25
30.75
30.25
30.25
29.5
29.5
29.25
29
29.75
29
28.5
28.25
28.5
28.5
28.5
28
28.25
28
28.25
28.25
28
28.25
28.25
28.5
28.5
29
29.25
30.25
29.75
29
29
29.5
29.75
29.5
29.5
29.25
29
30.25
31.25
30.5
31.25
31.25
30.5
30.25
29.75
30.25
30
30
29.5
29.5
29.75
29.5
29.25
29.25
28.75
28.5
28
28.75
29.25
29.25
29
29
29.5
29.25
29
29.25
28.75
29.5
30
30
29.5
29.25
29.25
29.5
29.25
29.25
29.25
28.5
29.25
29.5
30
30
29.75
29.5
29.25
29
29.25
29.25
29
29.25
28.25
27.75
28
28.5
28
28.25
27.25
27.25
27.25
27.75
28.25
27.75
28.25
27
27
26.5
27
27.25
27.75
27
27
26.75
26.25
27
27
26.75
26.5
26.5
26.5
27
27
27
26.5
26.75
26.75
26.5
25.75
25
25
25
25
24.9
24.8
24.9
24.7
24.5
24.8
24.4
24.2
24.1
24.6
24.6
24.8
24.8
25
25
25
26
25.75
26.25
25.75
25.5
25.5
26
27
26.5
27
27
26.75
26.75
26.75
27
26
25
25.25
24.7
24.8
24.9
25.25
25.75
26.25
26.75
26.25
26.75
27
26.75
26.5
26.25
25.75
25.75
25.75
25
25
25
25
25
25
25
25.5
25.5
25.5
25.25
25.25
25.5
25.75
25.5
25.25
25.25
26
25.5
25.5
25
24.6
24.5
24
24.4
24.6
24
23.8
23.7
23.7
23.8
23.2
23.1
23
23.2
23.3
23.1
22.9
22.9
23.1
23
22.4
22.6
22.3
22.7
22.7
22.5
22.4
22.5
22.4
22.5
22.1
21.8
21.9
21.6
21.9
21.9
22.3
22.3
22.4
22.6
22.6
22.7
22.6
22.4
22.7
22.4
23
23.2
23.1
22.8
22.7
22.7
22.8
22.7
22.7
23
22.9
22.5
22.7
22.7
22.7
22.7
22.8
22.7
23
22.5
22.3
22.7
23.2
23.5
23.5
23.9
24
24.1
24.6
24.4
24.8
24.5
24.4
24.5
24.1
24
23.8
23.9
23.9
23.6
23.9
23.7
23.5
24.2
23.5
23.7
24
23.5
23.2
23.2
23
22.9
22.6
22.7
22.3
22.4
22.5
22.4
22.8
22.9
22.6
22.8
22.5
22.7
22.8
22.9
22.9
22.9
22.6
22.8
22.7
22.4
22.3
22.5
22.5
22.5
22.9
22.9
23.2
23.4
23.3
23.2
23.4
23.5
23.1
23.2
23.2
23
22.5
22.5
22.5
22.9
23
23.1
23
22.5
22.5
22.4
22.4
22.6
22.8
22.6
22.6
22.5
22.8
22.4
22.7
22.8
22.7
23
23
23.3
23
23.3
23.3
23.2
24
24
23.5
23.4
23.6
23.4
23.7
23
23.2
23.1
23.7
23.1
22.8
23
22.7
23
22.8
23
22.9
22.9
22.8
22.8
22
21.9
21.6
21.5
21.8
21.6
21.6
21.5
21.5
21.1
21
21.1
21.1
21
20.9
20.9
21.1
20.7
20.9
21.2
21.4
21.7
21.7
21.5
21.7
22
22
21.9
22.3
21.9
21.5
21.8
22
22
21.9
22.2
22.3
21.4
21.5
21.4
21.6
21.6
21.6
21.5
21.5
21.3
21.3
21.4
21.3
21.3
21.5
21.6
21.7
21.6
21.7
21.4
21.6
21.9
22.1
21.5
21.5
21.6
20.9
20.2
20.4
20
20.1
20.3
20
20.1
20.1
20.5
20.7
20.7
20.8
21.2
20.9
20.9
20.8
20.6
20.8
21.1
20.8
20.7
21.2
21.4
21.5
21.6
21.1
21.4
21.2
21.2
21.1
21.4
21.4
21.3
21.1
21.3
21.7
21.2
20.9
21.2
20.8
20.8
21.1
20.3
20.7
20.7
20.5
20.7
20.6
21.8
22.1
22.3
22.2
22
22.1
22.1
22.1
21.7
21.6
21.8
21.5
22.5
22.5
22.5
22.5
23
23.3
22.6
22.7
22.4
21.7
21.4
21.6
21.1
20.8
18.5
18.1
18.3
17.6
17.6
17.5
17.5
17.6
17.7
17.7
17.8
17.9
17.9
18.1
18.2
18.4
18.6
18.6
18.9
19.2
19.3
19.3
19.3
19.5
19.5
19.7
19.4
20
20.1
19.9
20
20.1
20.1
20.1
20.3
20.7
20.8
20.5
20.4
20.4
20.6
20.4
20.8
20.8
20.5
20.6
20.8
20.4
20.2
20.2
20.4
20
20.1
19.8
19.9
20.6
20.4
20.9
21.2
21.1
20.7
20.9
21.2
21.6
21.6
21.8
22.1
21.6
21.7
21.7
22
21.9
22.2
22.1
22.2
21.9
22.2
22.3
22.4
22.8
22.9
22.5
22.5
22.8
22.9
22.7
22.5
22
22
22
22.3
22.5
22.4
22.2
22.6
22.6
22.4
21.9
22.5
22.9
23.2
23
23.4
23.5
23.4
22.7
22.3
22.5
21.8
22
21.2
21
20.8
20.8
20.9
20.7
19.7
19.6
19.7
19.9
20
19.8
19.3
19.9
20.6
20.8
20.7
20.7
20.5
20.6
20.8
21.2
21
20.9
20.7
20.1
20.7
21.5
20.3
20.3
20.2
20
20.2
19.3
19.5
18.8
18.9
18.6
19
18.6
18.6
17.8
17.8
20
18.2
19
18.2
18.1
19.9
19.5
21.3
22
21.7
22.6
22.9
22.7
22.7
22.3
22.2
23.2
21.9
23.4
23.3
24.2
24.4
24.6
24.2
24.4
24.8
24.7
24.9
24.8
25.25
25.25
25.5
25
24.4
24.9
25.25
24.9
25.25
25.5
26
25.75
25
24.7
25.5
26
25.75
25.5
25.5
25.5
25.5
25.5
25.25
25.5
25.25
25.25
26.25
26
26
26
26
25.75
25.5
25.25
25.25
25
24.9
25
25.5
25
24.7
24.5
24.2
24.4
24.7
24.6
24.6
24.6
24.5
24
24.2
24.2
24
24
24.1
24
23.9
24
24
23.3
23.6
23.6
23.8
23.9
23.9
23.9
24
24
23.8
23.9
24
23.8
23.8
23.2
23.2
23.3
23.5
23.5
23.6
23.4
23.3
23.4
23.5
23.6
23.6
23.8
23.8
24
24.2
24.1
24
23.7
23.7
23.6
23.8
24
23.4
23.2
23.9
24.2
24.3
24.7
24.5
24.5
23.7
23.6
23.7
23.3
23.6
23.6
23.4
23.4
23.5
23.6
23.7
23.1
23.1
23.1
23.1
23.2
23.3
23.7
24.3
24.7
25
24.9
25
24.7
24.9
24.6
25
24.8
25
25.5
24.8
24.8
24.9
25
24.9
24.8
24.5
24.8
25.5
25.5
25
25.5
25.75
25.75
25.75
25.75
26
26
26
25.75
25.75
25.5
25.5
25.75
25.75
26
25.75
26
26
26
26
26
26
26
26
26.25
25.5
26
26
26.5
26
25.75
26
26.25
25.75
25.25
24.9
25
24.7
24.6
24.9
24.7
25.25
25.5
25.75
25.5
25.5
25.75
25.5
25.25
25.25
25
25.25
25.75
25.75
25.25
25
25
24.9
24.9
25
25
25.25
25.25
25
24.8
24.6
24.4
24.6
24.2
24.5
24.1
23.8
23.4
23.5
23.5
23.6
23.8
23.7
23.5
23.5
23.4
23.3
23.5
23.6
23.6
23.6
24.1
24
24.3
24
24.1
24.3
23.7
23.8
23.7
23.7
23.6
23.4
23.9
23.3
23.6
23.8
23.8
23.7
23.6
23.9
24.2
24.2
24.1
23.6
23
22.7
21.6
23.6
23.6
23.8
23.5
23.5
22.9
22.8
22.7
24.7
25.25
25
24.6
24.5
24.8
24.5
26.25
26
26.5
26.75
26.75
27
26.25
26.5
26
26.25
25.75
26
26.75
26.75
26.75
26.75
26.75
26.25
26.25
26.25
26
26
25.75
25.5
25.25
25
25
25.25
24.6
24.4
24.6
24.8
25
25
24.8
25
24.8
24.8
24.5
24.4
24.4
24.3
24.7
24.4
25
25
25
25
25
24.9
24.8
25.25
24.8
24.9
25
25
25
25
25.25
25.5
25.5
25.5
25.25
25.25
25.25
25.25
26
26
25.75
25.75
26.25
26.25
26
26.5
26.25
26
26.25
26
26.25
26.25
26.25
26.75
27
26.75
26.5
26.5
26
25.75
26.5
25.5
25.5
25.5
26.25
26.75
27
27
26
26
27
27
27.25
26.5
27
27.25
26.75
26.5
26
26
26.25
26.25
26
26
25.75
25.25
26
25.75
25.75
25.25
26
26
24.7
25
24.9
24.6
24.8
25.25
25
25.5
25.5
24
24.6
24.9
25
25.5
25.5
25.25
25
25
25.25
26.25
26.75
26.75
26.75
26
27.25
27
26.75
26.25
26.25
26.25
26.25
25.5
24.5
24.8
23.6
23.5
23
22.4
22.2
22.3
22.8
22.9
22.8
22.5
23
23.5
23.7
23.8
23.4
23.3
23.7
23.4
23.1
23.3
23.6
23.7
23.9
23.1
23.5
23.5
23.8
23.5
23.5
23
22.9
22.8
22.8
22.3
22.7
22.7
22.7
22.6
22.7
22.4
23
22.9
23.1
23.1
22.4
22.2
22.5
22.6
22.1
22.2
22.6
22.5
21.9
22.1
22.3
22.4
22.7
22.5
22.1
22.3
22.3
21.6
21.7
21.7
21.8
22
22.2
22.4
21.6
21.6
21.4
21.1
21
21.2
21.1
21.2
21.2
20.9
20.8
20.9
20.8
21.1
21
21.1
21
21
20.9
21.1
21
20.9
21
21.1
21.2
21.2
21.4
21.6
21.6
21.8
21.1
21.3
21.3
21.5
21.6
21.3
21.3
21.5
21.7
21.2
21.3
21.3
21.6
21.4
21.6
21.9
21.8
21.9
21.8
21.8
21.6
21.6
21.8
21.7
21
20.9
21.1
21
21.1
21.3
21.2
21.1
21.2
21.5
21.5
21.3
21.2
21.3
21
21.5
21.7
21.7
21.1
20.9
21
20.9
20.7
20.5
20.5
20.5
20.6
20.5
20.4
20.7
20.7
20.6
20.7
20.8
20.9
20.8
20.9
21
20.5
20.6
20.7
20.7
20.9
20.6
20.7
20.7
20.9
20.7
20.9
21
20.9
20.6
20.4
20.5
19.8
19.8
19.9
20.2
20
19.9
19.8
19.5
19.1
19.2
19.5
19.6
19.6
19.6
19.6
19
19.1
19.1
19.1
19
18.9
19.1
19.3
19.3
19.3
19
19
19
19.2
19.4
19.8
19.8
20.1
19.9
19.5
19.2
19.3
19.3
19.2
19.3
18.9
19
19
18.7
18.8
19
19.2
19.2
18.8
18.9
19.2
19.2
19.4
19.1
18.8
18.6
18.5
18.6
18.6
18.6
18.6
18.6
18.2
18.4
18.3
18.2
18.6
18.8
19.3
20.6
20.7
20.4
20.5
20.5
20.5
20.5
20.2
20.2
20.3
20.4
20.3
20.2
20.3
19.9
20
20.3
20.2
20.3
20.5
20.3
20.8
20.9
21.1
21.1
20.8
21.2
21.3
21.1
21.2
21
20.9
20.8
20.7
20.6
20.6
20.4
19.8
19.9
19.9
20.1
20.4
20.5
20.3
20.2
20.1
20
20.1
20.1
20.1
20.4
20.5
20.8
20.8
20.8
21
20.8
20.9
21
21.3
21.4
21.3
21.1
21.3
21.2
21.7
22
22.1
22.2
22.2
22.5
22.5
22.4
22.4
22.5
22.3
22.5
22.3
22.5
22.5
22.5
22.8
22.7
22.5
22.7
22.7
23
23.3
23.1
23.1
22.7
22.6
22.6
22.4
22.3
22.2
22.5
22.5
22.5
22.6
22.6
22.8
22.9
22.9
23.1
23.3
22.9
23.2
23.3
23
22.9
22.8
22.7
22.8
22.9
22.4
21.9
22
22
22
22.2
22.8
23.1
23
23
22.8
22.8
22.8
22.6
22.8
22.8
22.5
21.9
21.6
21.6
21.7
21.5
21.5
21.5
21.6
21.8
20.8
21
21.6
21.8
22.2
22.4
22.5
22.4
21.9
21.8
21.6
22
22
22.2
22.5
22.7
22.7
22.3
22.4
22.7
22.2
22.2
22
21.8
22.4
22.6
22.6
22.7
22.7
22.6
23.5
23.5
23.4
23.4
23.2
23
23.2
23.2
23
22.8
22.8
22.6
22.5
22.2
22.3
22.5
22.3
22.7
22.6
22.6
22.4
21.6
21.6
22.5
22.8
23.1
23.1
23.1
23.3
23
23
23.1
23.2
22.7
23.5
23.7
23.7
23.8
23.9
24
23.9
23.9
23.7
23.7
23.6
23.6
23.8
23.5
23.9
23.8
23.8
23.8
23.9
24
23.7
23.8
23.9
24
24
24.1
24.1
23.7
23.9
24.1
24
24.3
24
24.2
24.3
24.1
23.8
23.8
23.5
23.5
23.8
24.1
23.9
23.9
23.9
24.2
23.9
23.8
24.2
24.6
24.6
24.5
24.2
24.5
24.2
24.2
24.2
24.2
24
23.7
23.9
23.9
23.8
