8.70
8.75
8.63
8.43
8.60
8.90
8.83
8.65
8.85
8.65
8.28
8.30
7.93
7.73
7.40
7.20
6.93
6.73
7.05
6.75
6.55
6.68
6.43
6.23
6.13
6.53
6.18
6.48
6.88
6.98
7.00
7.00
7.08
7.18
7.00
6.95
7.20
6.95
7.08
6.98
7.00
6.98
6.70
6.75
7.05
6.85
7.03
6.98
6.83
6.63
6.85
6.78
6.70
6.70
6.73
6.83
6.83
6.80
6.70
6.73
6.88
6.80
6.85
7.00
7.03
7.33
7.25
7.30
7.35
7.25
7.28
7.15
7.05
7.13
7.08
7.08
7.08
6.95
7.20
7.13
7.10
7.20
7.25
7.23
7.23
7.43
7.50
7.45
7.33
7.45
7.38
7.38
7.28
7.35
7.35
7.40
7.28
7.25
7.15
7.13
7.10
7.18
7.10
7.03
7.20
7.28
7.38
7.60
7.65
7.48
7.53
7.83
7.83
8.00
7.95
7.88
7.95
7.93
7.93
8.35
8.38
8.40
8.20
7.85
7.98
8.05
7.88
8.30
8.13
8.20
8.25
8.10
7.78
7.90
7.95
7.88
7.80
7.85
7.95
7.95
7.88
7.83
7.85
7.83
7.73
7.73
7.53
7.33
7.30
7.18
7.38
7.50
7.40
7.58
7.80
7.43
7.60
7.60
7.68
7.58
7.63
7.50
7.78
7.90
7.88
7.85
8.20
8.40
8.13
8.18
8.08
8.10
8.03
8.08
8.00
8.03
8.00
8.15
8.23
8.15
8.43
8.38
8.50
8.50
8.48
8.53
8.40
8.50
8.63
8.48
8.30
8.48
8.40
8.50
8.48
8.55
8.53
8.53
8.53
8.58
8.63
8.65
8.70
8.70
8.68
9.23
9.20
9.40
9.23
9.05
9.10
9.00
9.03
8.88
8.90
8.90
8.30
8.50
9.25
8.95
8.60
8.83
8.75
8.78
8.83
8.70
8.63
8.53
8.43
8.53
8.33
8.30
8.33
8.30
8.15
8.20
8.55
8.65
8.73
8.48
8.85
8.75
8.43
8.53
8.58
8.60
8.63
8.63
8.70
8.73
8.63
8.65
8.90
8.98
8.93
8.95
9.08
9.18
9.20
9.20
9.10
9.05
9.08
9.13
9.10
9.50
9.65
9.70
9.88
9.83
9.73
9.65
9.75
9.25
9.18
9.30
9.10
9.08
9.05
9.00
9.13
9.25
9.20
9.23
9.30
9.35
9.35
9.28
9.13
9.18
9.00
8.98
9.18
9.28
8.95
9.18
9.05
9.08
9.10
8.80
8.75
8.68
8.63
8.63
8.58
8.65
8.63
8.63
8.63
8.78
8.65
8.70
8.78
8.88
8.83
8.73
8.75
8.65
8.95
8.90
8.88
8.73
8.78
8.75
8.78
8.68
8.75
8.63
8.65
8.60
8.85
8.85
8.88
8.90
8.80
8.80
8.65
8.55
8.38
8.33
8.75
8.83
8.90
8.68
8.78
8.85
8.90
8.90
8.88
8.80
8.73
8.70
8.73
8.83
9.28
9.23
9.28
9.23
9.08
9.00
8.85
8.83
8.70
8.73
8.90
8.90
8.88
8.80
8.75
8.68
8.78
8.68
8.68
8.70
8.73
8.75
8.53
8.58
8.70
8.73
8.73
8.63
8.60
8.58
8.35
8.38
8.30
8.33
8.25
8.23
8.23
8.18
8.28
8.33
8.48
8.58
8.58
8.60
8.68
8.63
8.58
8.55
8.65
8.48
8.43
8.50
8.53
8.28
8.28
8.20
8.28
8.20
7.85
7.75
7.55
7.65
7.63
7.58
7.60
7.45
7.25
7.25
7.25
7.33
7.43
7.50
7.55
7.65
7.73
7.50
7.63
7.53
7.50
7.63
7.68
7.70
7.70
7.65
7.70
7.65
7.68
7.60
7.65
7.75
7.70
7.40
7.25
7.30
7.20
7.20
7.18
7.15
7.15
7.25
7.23
7.20
7.18
7.20
7.13
6.83
6.85
6.80
6.53
6.68
6.80
6.95
6.90
6.65
6.70
6.60
6.58
6.63
6.78
6.60
6.55
6.60
6.58
6.60
6.65
6.78
6.60
6.55
6.60
6.63
6.63
6.80
6.80
6.75
6.78
6.85
6.70
7.00
6.95
6.95
6.90
7.10
7.18
7.28
7.33
7.23
7.35
7.18
6.85
6.73
6.65
6.60
6.45
6.43
6.58
6.53
6.53
6.55
6.50
6.48
6.43
6.35
6.30
6.30
6.48
6.48
6.63
6.73
6.58
6.45
6.45
6.53
6.50
6.48
6.40
6.43
6.55
6.40
6.43
6.43
6.45
6.10
6.00
6.05
6.08
6.05
6.00
5.95
5.68
5.63
5.55
5.85
5.93
5.98
6.08
5.95
6.13
6.20
6.10
6.00
6.15
6.28
6.33
6.40
6.38
6.65
6.75
6.70
6.78
6.73
6.85
6.98
7.08
7.08
7.05
7.00
7.05
7.00
7.05
7.03
7.05
7.03
7.00
6.98
6.95
6.95
6.93
6.98
6.95
6.98
7.00
6.98
6.98
6.98
6.95
6.98
6.98
6.95
6.95
6.98
6.98
6.98
7.00
6.98
6.93
6.93
6.95
6.95
6.95
6.95
6.98
6.93
6.98
6.98
6.98
6.95
6.95
6.98
6.95
6.95
6.95
6.98
6.90
6.95
6.95
6.90
6.90
6.93
6.90
6.80
6.80
6.75
6.90
6.90
6.90
6.93
6.95
6.95
6.93
6.93
6.90
6.90
6.88
6.88
6.90
6.85
6.90
6.90
6.88
6.88
6.85
6.90
6.85
6.90
6.88
6.90
6.98
6.95
7.00
6.98
6.93
7.00
7.00
7.00
6.93
6.93
7.00
7.00
7.00
6.98
6.93
6.95
6.90
6.88
6.95
6.90
6.93
6.88
6.88
6.88
6.85
6.90
6.90
6.90
6.90
6.90
6.93
6.93
6.93
6.93
6.90
6.93
6.98
6.95
6.95
6.98
6.95
6.98
6.98
6.95
6.98
6.95
6.93
6.93
6.98
7.10
7.08
7.10
7.15
7.18
7.15
7.23
7.28
7.25
7.25
7.25
7.03
7.03
7.03
7.03
7.05
7.05
7.05
7.05
7.05
7.05
7.05
7.08
7.08
7.05
7.05
7.08
7.05
7.08
7.08
7.13
7.10
7.00
7.03
6.83
8.00
7.80
7.95
7.90
7.80
7.80
7.83
7.83
7.55
7.48
7.65
7.65
7.63
7.30
7.40
7.48
7.60
7.43
7.40
7.43
7.30
7.28
7.10
6.60
6.58
6.65
6.53
6.28
6.23
5.83
5.83
5.70
5.60
5.73
6.10
6.35
6.30
6.30
6.28
6.23
6.20
6.30
6.23
6.30
6.33
6.28
6.38
6.68
6.78
6.85
6.73
6.85
6.88
6.83
6.80
6.83
6.78
6.75
6.50
6.50
6.18
6.00
6.05
6.05
5.95
6.05
5.98
5.93
5.85
5.53
5.53
5.53
5.40
5.45
5.45
5.30
5.08
5.00
5.00
4.90
5.00
5.15
5.05
4.98
5.10
5.10
5.10
5.08
5.03
5.38
5.15
5.13
5.00
4.80
4.65
4.90
4.88
4.70
4.58
4.65
4.75
5.05
4.83
4.85
5.00
4.95
4.98
5.05
5.08
4.80
4.80
4.85
4.90
4.93
4.95
4.85
4.98
4.95
4.85
4.83
5.00
5.00
5.08
5.10
5.10
5.20
5.25
5.28
5.10
5.18
5.15
5.00
5.03
4.98
4.90
4.70
4.25
4.30
4.40
4.45
4.75
4.60
4.65
4.73
4.73
4.60
4.63
4.50
4.50
4.55
4.60
4.53
4.40
4.40
4.45
4.63
4.68
4.63
4.63
4.65
4.78
4.78
4.75
4.78
4.83
4.78
4.75
4.80
4.63
4.53
4.58
4.80
4.83
4.93
5.03
5.05
5.28
5.33
5.35
5.18
5.15
5.03
5.00
4.93
5.30
5.35
5.48
5.15
5.20
5.10
5.28
5.30
5.35
5.60
5.35
5.38
5.43
5.00
5.20
5.20
5.53
5.45
5.50
5.58
5.65
5.65
5.68
5.80
5.90
5.90
6.05
5.48
5.63
5.68
5.73
5.38
5.53
5.45
5.43
5.00
5.00
4.90
4.98
5.00
4.83
4.58
4.63
4.33
3.60
3.48
3.13
3.00
3.15
3.30
3.55
3.15
3.08
3.33
3.33
3.48
3.38
3.40
3.40
3.40
3.35
3.68
3.65
3.75
3.80
3.78
3.95
3.85
3.83
3.93
4.08
4.00
4.00
4.03
3.90
4.15
4.33
4.50
4.48
4.35
4.48
4.58
4.60
4.88
5.20
5.55
5.90
5.90
5.85
5.88
5.85
5.88
6.00
5.93
5.88
5.70
5.50
5.48
5.68
5.58
5.55
5.45
5.48
5.68
5.83
5.75
5.53
5.35
5.33
5.40
5.23
5.35
5.30
5.40
5.40
5.40
5.38
5.38
5.80
5.80
5.85
5.98
5.88
6.05
6.95
7.83
7.60
7.80
7.80
7.80
7.98
8.45
8.73
8.70
9.00
10.35
11.90
11.35
12.30
11.35
11.65
11.10
11.35
11.25
10.95
10.80
10.30
10.50
11.05
10.85
10.80
11.00
12.40
11.40
11.65
11.70
11.70
11.55
11.90
12.45
11.95
11.70
12.05
12.35
11.90
12.00
12.55
13.90
14.00
14.65
14.20
15.30
15.15
15.60
15.30
14.85
15.50
15.65
16.45
17.50
17.55
17.10
17.90
19.55
19.35
19.55
20.00
18.50
18.40
18.60
18.15
18.40
17.85
17.95
17.50
18.60
18.05
17.90
18.10
17.90
19.40
19.90
18.95
19.35
16.35
16.70
17.35
17.50
17.80
18.15
18.80
19.45
19.05
19.85
19.30
19.55
22.50
23.60
23.10
22.80
23.20
24.70
25.70
32.70
34.30
37.40
35.40
34.60
35.60
36.10
36.10
37.80
42.00
53.60
68.40
56.00
43.80
48.60
52.80
65.60
56.80
56.40
71.80
74.80
73.20
70.00
63.00
58.00
56.00
62.20
60.00
55.80
54.40
50.40
55.60
50.20
48.80
52.80
49.00
50.00
48.00
47.20
46.00
44.40
41.20
42.40
40.80
48.20
44.00
45.00
42.60
42.40
40.00
41.20
39.50
40.00
37.90
36.00
40.60
37.10
37.20
34.00
34.30
34.20
37.00
34.40
34.50
33.10
32.10
32.00
31.40
30.30
29.00
31.00
28.90
29.00
28.80
29.90
29.00
32.40
35.30
37.90
36.20
37.80
37.50
36.70
37.20
39.90
38.50
38.50
38.10
38.00
38.70
38.10
37.80
37.90
35.40
31.50
36.70
40.20
45.60
46.40
55.80
48.40
48.00
51.00
51.60
50.40
49.80
50.20
50.20
55.40
54.40
54.80
58.00
58.80
57.40
56.60
57.20
57.20
57.80
57.40
56.40
55.00
54.80
53.40
53.00
54.00
53.60
52.60
55.60
55.00
55.00
56.40
59.20
57.80
56.00
54.80
54.60
57.00
56.40
56.00
58.80
59.80
58.60
57.40
65.20
58.60
56.60
56.40
57.00
58.20
57.60
55.40
57.20
58.40
59.20
60.00
60.20
57.60
57.60
59.00
57.80
57.20
56.40
57.20
56.80
55.00
55.00
54.60
56.00
56.00
57.00
56.00
56.60
57.00
58.40
65.60
72.60
73.00
76.40
74.20
76.80
74.40
76.00
65.20
58.20
57.40
56.20
56.60
55.60
49.80
47.40
48.60
46.00
45.80
47.80
47.00
46.80
46.00
45.20
44.00
45.00
45.60
45.40
45.60
43.80
45.20
45.40
45.20
45.60
45.20
44.00
45.80
44.20
43.40
41.60
41.00
41.60
44.00
44.60
45.20
39.10
38.20
38.70
39.70
40.40
42.40
41.60
42.20
43.20
42.60
43.00
43.60
43.20
43.60
41.80
44.20
44.60
44.20
43.60
41.80
42.00
43.00
42.80
42.40
44.00
43.00
43.80
42.60
40.00
40.00
41.40
41.80
42.00
43.60
44.00
41.40
41.20
40.00
40.20
39.40
39.60
39.50
41.00
41.80
41.40
40.80
41.20
39.70
39.80
39.70
39.20
37.10
36.80
36.20
34.50
33.90
34.70
36.80
39.00
39.40
41.60
41.40
41.80
41.00
41.80
40.20
38.70
41.80
41.60
41.60
41.00
40.20
41.00
40.20
41.00
40.40
39.60
36.60
37.90
36.50
34.70
33.40
34.00
33.80
33.90
32.70
31.50
33.40
35.70
34.90
36.50
37.00
38.40
38.50
39.00
39.40
39.70
39.50
38.80
38.60
38.70
38.80
37.10
37.30
35.90
35.20
33.60
33.60
34.30
38.10
37.90
38.80
37.80
37.40
36.60
36.30
35.60
35.40
34.10
33.20
33.30
34.20
32.50
32.60
34.20
34.50
33.30
33.60
33.90
33.40
32.90
32.80
32.90
34.00
34.60
34.20
33.60
33.40
32.60
32.40
31.90
31.70
30.50
31.40
30.80
30.20
29.20
30.50
31.20
30.30
31.30
32.30
33.60
34.00
33.70
33.30
33.80
32.60
31.60
31.20
33.10
32.50
32.20
31.80
32.70
32.30
33.90
34.00
36.40
36.90
36.90
37.40
36.80
47.40
51.00
49.00
52.20
54.20
54.00
50.60
53.80
54.40
55.40
55.00
59.00
58.60
57.60
56.40
55.40
58.00
55.40
55.80
57.80
53.40
53.60
52.40
52.40
51.00
52.40
51.80
57.20
60.40
66.80
66.40
61.20
62.20
58.40
59.00
61.80
61.40
61.60
63.60
62.00
62.80
62.20
62.60
66.00
65.40
62.00
66.80
66.60
70.00
65.80
66.20
66.60
64.00
66.60
67.80
67.00
61.20
62.60
66.60
60.40
55.80
59.40
58.00
60.40
59.80
62.00
60.20
61.00
61.20
60.80
60.60
62.00
62.40
63.20
63.40
63.80
66.00
64.00
65.20
65.60
66.60
66.20
66.60
65.60
67.20
76.40
77.20
74.00
69.40
68.20
70.00
70.00
72.20
71.20
68.60
68.40
66.20
71.80
70.40
70.80
72.00
71.60
70.40
72.20
83.00
93.00
91.20
80.60
80.80
84.20
83.20
85.00
87.20
83.00
84.40
84.20
86.00
86.20
86.00
89.00
88.40
89.40
87.80
87.20
89.80
90.00
89.80
91.60
95.00
95.00
97.00
93.00
92.20
89.60
90.20
88.00
90.40
97.60
95.20
95.80
97.00
96.60
96.80
94.20
93.60
91.20
98.60
100.00
97.60
99.60
99.00
99.40
99.20
97.80
93.40
97.40
97.20
99.60
98.00
98.80
99.40
98.80
99.40
99.20
97.80
100.60
110.00
114.20
97.00
96.40
88.20
91.40
96.80
96.60
95.00
96.40
95.80
97.20
96.00
89.00
90.60
88.80
89.60
74.80
72.75
76.50
76.50
79.75
78.75
78.00
77.50
77.25
81.75
80.25
80.50
87.50
89.00
92.25
87.00
88.00
94.00
93.25
96.25
96.75
99.00
98.00
99.00
101.50
100.50
103.50
98.00
99.75
102.00
102.00
111.50
111.50
117.50
96.00
96.25
98.00
99.00
96.00
97.00
94.00
92.00
92.00
94.00
95.00
96.50
95.00
98.75
101.00
101.00
99.00
101.00
103.00
104.00
107.00
105.50
105.50
105.50
109.00
109.50
109.00
109.50
113.00
114.50
112.50
112.50
113.50
113.00
108.00
105.50
106.00
103.50
104.00
104.50
99.50
101.00
105.00
103.00
110.50
107.50
106.50
109.00
109.50
108.50
110.00
109.00
109.00
108.00
107.00
105.50
104.50
108.00
106.00
108.00
108.00
106.50
106.00
106.00
104.50
107.50
105.00
104.00
103.00
104.00
82.75
87.00
85.50
83.75
85.00
80.50
79.00
83.25
86.00
84.50
82.25
83.75
84.50
84.00
81.25
80.25
80.75
72.25
76.25
81.25
79.00
80.50
84.25
83.50
84.25
84.25
83.25
83.50
77.75
79.25
78.50
84.25
83.00
81.25
82.50
84.00
81.00
80.25
80.25
80.00
81.75
77.00
77.75
77.50
76.50
78.25
76.00
81.00
83.00
81.50
85.75
83.25
86.50
90.25
89.75
91.00
92.00
94.00
94.00
91.25
88.00
91.25
90.00
87.00
84.25
84.50
85.25
85.00
84.25
85.00
84.75
83.00
82.75
83.00
84.00
84.25
83.25
85.25
82.50
82.00
79.00
80.00
78.75
78.00
80.75
80.50
82.75
81.75
80.75
80.50
81.25
82.00
79.00
81.50
77.50
78.00
74.75
75.00
74.25
73.75
73.75
69.00
71.25
68.00
67.00
65.50
68.50
67.50
70.25
68.75
69.50
68.75
69.00
66.50
68.25
66.75
66.75
72.25
72.75
73.00
74.00
73.50
72.25
74.50
74.50
75.00
74.00
