22.2
22.2
22.5
22.3
21.9
22.1
22.3
22
21.8
21.7
21.6
21.6
21.7
21.9
21.8
21.3
21.2
21.4
21.6
21.4
21.4
21.6
21.4
21
21.6
21.8
21.6
21.7
21.9
21.9
21.9
21.9
22
21.2
21.3
21.2
21.3
21.3
21.6
21.5
21.3
21.3
21.2
21
21.1
21.1
21.3
21
21.2
20.8
20.9
20.7
21.4
21.2
21.2
21.3
21.3
21.3
21.2
21.2
21.1
21.2
21.5
21.5
21.7
22.6
23.1
23.7
23.7
24.4
24.2
24.8
25.75
26.25
26.75
26.25
26
26.5
26.5
25.25
25.25
25
25.25
24.5
24.6
24.4
24.8
25.25
25
25
25.75
24.9
24.9
25.75
25.25
25.25
26.5
27.25
26
26.5
25.5
25
25
24.9
25
25
24.9
25
26.5
26
26.5
26.25
25.75
25.5
25.5
25.5
25.75
25.75
25.5
26
25.75
25.75
25.75
24.9
24.9
23.9
23.9
25.75
26
27
26.75
27
26.75
27.25
28.5
28.75
28.5
28.25
28.25
28.5
28.75
28.75
29.25
29.75
30
29.75
29.75
29.25
28.5
28.25
28.25
27.5
28.25
28.5
28
27.75
29.25
29.25
29
29.5
29.25
28.5
29.5
29.5
29.5
29.25
29
28.5
28.25
28.75
29
29
28.75
28.25
28.5
28.25
28.5
28.5
29.25
29.75
29.75
30.75
30.75
30
30.25
29.75
29.25
30
30
28.75
29
28.5
28.5
29.5
29.25
28.75
28.5
28.25
29
28.5
25.75
26.5
26.5
23.2
24.1
24.5
24.6
24.3
24.2
26
26.25
25.5
25.25
24.7
25.25
24.8
24.6
24.8
25
25.25
25.25
25.25
24.8
24.9
24.9
24.7
24.5
24.4
25
24.7
25.75
26.5
26.25
26.5
26.5
26.25
26.25
26.25
26
26.75
27.25
27.75
27.5
27.25
27.25
26.25
26.25
26.25
27.25
26.75
26.75
26.5
26.5
27.25
26.75
27
26.5
26.75
27
26.5
26.5
27.5
27.25
27.25
27.25
27.25
29
28.5
28.75
28.75
28.75
28.5
29.5
29.5
29
29.75
29.5
29.5
29.75
29.75
30
30
29.75
29.5
29.75
29.75
30.5
30.5
31.5
32.25
32.5
33.75
34.25
33.75
33.75
34.5
34.5
36.5
37.25
36
35.75
34.5
35.75
34.75
34
33.5
34
35.5
35.75
35.75
35.5
35.75
35.5
35.75
35.25
35.75
36.75
36.75
36.25
36
37
37.25
37.5
37
37
36.75
36.75
36.75
37
36.5
36.25
36
35.25
34
34.75
35
34
34
35
36.25
37
37.25
37.75
37.75
36.75
37.25
38.5
39.5
39.5
39.75
38.75
39
38.5
38.25
38.75
38.5
39.5
39.25
38.25
38.5
38.5
39
38
38.25
38.25
39.25
40
40.5
40.25
40.25
40.75
40.5
40.5
41.25
41.5
41
39.5
40.25
40.5
40.75
40.75
40
43.25
43
43
43.25
42.5
42.5
44
44.5
44
42.75
43.25
42.75
42.5
43.5
43.75
45
46
46
45.25
45.5
46.25
46.75
45.5
45.5
46
46.75
47.5
49
48.5
49
49.25
49.75
49.5
49.75
49.75
49.5
50.25
51
52
52.75
51.25
52.5
52.75
52.5
53.5
54.5
53.5
53.25
63.5
65
68.75
67
67.75
67.5
69
69.5
68.5
68
66
67.25
67.5
67.25
67.75
66.25
65
64.5
64.25
66.25
66.5
68
69
67.25
67.25
68
67.75
66.75
67
66.5
64.25
66.75
68
67.5
67.25
63.25
59.75
50.25
50.75
49.5
45.5
42.5
48
49
48
45.75
48.25
47.5
47.25
47
46.5
46.5
47.75
44.75
43.75
43.75
39
34
32.75
35.25
30.75
36
33
34.25
33
34.75
37
36.75
35
34.75
33.75
34.75
36.5
36
37
37
36.5
35.25
34.75
35.5
34.25
35.5
36.5
36
35.25
36.25
38
38
37.75
38.75
39.5
39.25
40.5
38.5
38.75
37.75
38.25
39.5
39.25
39.25
38.75
38.75
39.25
38.5
38
36.75
36
34.25
35
33.5
33.75
34
34.25
34.75
33.5
32.75
31.5
32.25
31.75
28.25
29.5
29.25
31.5
31.25
33.25
32.5
33.25
33
33
35
35
35.75
35.25
34.5
35.5
35.75
37.25
36
36.75
35.5
36.25
36.25
36
36
35.25
33.5
35.5
35.5
36.5
36.75
37.75
38.5
38.25
38.5
38.75
38.5
38.5
38.75
38.5
40.25
38.5
39
39
41
41.5
41.5
42.25
44.75
46.75
47
47.25
48.5
47.25
48
47
47.25
48
48.25
50.25
50.5
48.25
47
47.25
45
45.75
47.5
45.75
47
47.5
47.5
46.5
46.25
45
43
46
44.75
46.5
48.75
49.5
49.75
50
51
49.5
50.5
50.25
49.75
48.75
48.25
48.5
49
48.5
49
48
48.25
47
47.25
47.75
48
48
47.75
48
50
50
49.25
48.75
48
47.75
46.75
47.25
45.5
44.75
45.75
45.75
45.25
45
43.5
41.75
41.75
42.5
42.75
43.5
44.25
45
45.25
45
45.5
46
44.75
44.25
45
45.5
45
44.75
45.25
45.75
46.5
47.5
46.5
46
47
47.5
47
47.25
47.5
49.75
49.5
49.75
48.75
49.25
51.25
50.75
47.25
46.5
47.25
47.5
48.25
48.5
48.25
48.75
47.75
47.5
46.75
46.75
47
47.5
47.25
47
46.75
48
48
48
48
48.5
48.25
48.75
49
48
48.25
48.25
48.25
48
48.75
49
49.5
48.75
48.75
50.5
50.5
50.25
50.5
53
53.25
53.25
52.25
52.75
53.75
54
54.25
54.5
55.75
57.25
57.25
57.75
54
54.25
54
53
53.75
51.5
51.25
50.5
50
51.75
50
51.5
51.75
52.75
52.5
53.5
53.75
54.5
54.5
54.5
54
54.25
54
53.5
51.75
52.5
53
53.5
54.75
54.75
53.75
54
54
54.5
55.75
55.75
55.5
54.25
55.25
54
54.25
54.75
54.25
54.75
55
54.75
54
52.5
53.5
54
53
52.5
52.75
53
52.25
51.75
52.25
53.5
52.5
51.25
51.75
51.5
51.5
51
48
49
47.5
48.5
48.5
47.75
48.75
48
48.25
48
47.25
46.25
46.25
47.25
48
47.75
48.75
50.5
50
50
50
50.75
50.75
50.5
50
51.25
50.25
48.25
48.5
48
47.75
47.75
48.5
48.75
48
47.25
47
47
47
47.75
47.5
47.75
49.5
51.25
51
51
50.5
49.75
48.25
49.25
49
47.5
47
45.5
41.5
41
41.75
43
43
44.25
44.75
44.75
44.75
44.75
42.75
43.5
43.75
44.25
44.25
43.75
43.5
43.5
44.5
44.5
44.25
44.25
42.75
42.25
42.75
43
42.5
42.75
43
44
43.5
42.5
42.75
42.75
43.5
43.25
43
43
43
43
43.75
43.75
44.5
43.5
41.5
41
38.5
39
39.25
39.75
41.75
40.5
41.5
41
40.75
40.75
41
43.25
44.5
43.25
42.5
43
43.25
43.25
43
45.5
46.5
46.25
47.75
47.25
49.25
49
48.75
48.75
47.75
45.5
46
47
45.75
47
44.5
42.5
39
38.5
40.25
41
41.75
40.5
38.25
38.25
36.25
32.25
32.75
30.5
29.75
30.25
32.25
36.25
31
32.5
33.25
33.5
33
32.5
33.75
33
33.5
33.25
36.25
36.5
36.5
36.5
36.5
36.75
37
35.25
36.25
36.5
37
38
38.75
39
39
40
39.75
40.25
39
37.75
37.75
39
39.5
39.25
38
39
38.5
39.75
40.25
39.5
39.5
39.25
39.5
39.75
39
39
39.5
42
42.25
43
43.75
41.75
41.75
41
39.5
38.5
39
40
39.5
40.75
39.75
40
38.75
38.75
39.25
39.75
39.25
39.5
41.25
43.75
48
45.5
48
45.75
45.75
48.5
48.25
47.25
49.25
50.75
50.25
49.25
48.5
47.75
48.75
46.5
47.25
48
49.5
49.5
48.75
47.25
47
46
47.25
46
45
45.5
44.5
43.5
43.5
45.25
44
44.5
43.5
43
42
41.75
42
41.75
41.5
41
42
41.75
41
41.75
41.75
41.25
41.5
40
39.75
39.5
39.5
39.5
40
40.25
39.25
39.5
38.75
39.5
39
39.5
41.75
43.5
43.25
42.5
41.75
41.75
41.75
40.5
40.75
41
40.75
40
39.75
39.25
38
38.5
41
40
43.5
43.25
44
45
45
44.75
45
44.75
43.25
44.5
43.75
44
45.5
44
44.75
46.25
46
44.75
44.75
44.25
44.75
45.25
47
48.25
47
46
45.5
45.75
47
44
44.5
44.5
45.25
45
48.25
49.75
49.25
53.5
64
62
64.75
63
64.5
64.5
67
65
62.25
64.25
63.75
62.75
63.5
61.75
64.75
68.75
68.25
63.5
65
65.25
64.5
64
63.5
64.75
64.25
65.5
65.25
65.5
65
69
66.5
66.75
65.75
63.75
63.5
63.75
62.5
62.75
62.75
65
63.25
63.25
59.75
58.5
59.75
59.75
59.5
58.75
60.25
59.75
59.5
59.5
58.75
58.25
58.75
61.25
60.75
60.5
59.75
62
62.75
61.75
60.5
59.75
59.5
59.75
59.25
58.75
60.75
61.25
60.75
59.75
59.75
59.75
59.5
61.25
62
61
59
60
61.25
61
61.75
61.5
60
59.75
57.5
58.75
58.75
58.5
58.25
58.5
59
61.5
59.5
60.25
61.25
61.25
59.75
59.75
60.5
63.75
63
63
64
63
62.25
61.75
62.25
60.75
60
59.75
59.5
59
59
59.75
61
60.75
59.75
61
60.75
60.25
59.5
59.25
59.25
59.75
60
58.75
59.75
59
57.75
57.75
57.5
58.5
60.5
60
59.5
59.75
60
60.5
59.5
59
59.75
59
58.75
58.5
58.75
58.25
58.75
58.5
58
59
59.75
63
62.5
64.75
65
65.5
65
65.75
66.5
66
66.5
67
66
67.5
64.75
65.25
65.75
65
63.75
63.5
64
64.5
63.25
62.75
62
62.25
61.25
61.25
61
61.5
60.5
62
63
62.5
64
64
63.5
63.5
64.5
65
65
63.75
64.75
64.75
65.75
65.5
65.25
65.5
65
66.5
66.25
64.75
65
65.5
66.25
66.5
69
70
70
72.25
78.25
78.75
79.75
80.5
81
78.5
79
82
80.25
81.75
82.25
82
83.75
82.5
84
85.75
85
98
93.25
93
93
92
93.75
93.5
94
93
96.25
96
97.25
99.25
99
97
96
96
97.5
96.25
93.5
95.75
94.25
94.75
94.5
95
98.25
97
97
92.75
90.25
89.25
91.5
92.25
91.5
92.75
93.5
93.5
94.5
92.75
93
91.5
95.5
95.75
94.75
93.75
92.75
94
92.75
93.25
95
95.25
95
91
90
86
83
84.5
85.25
85.25
85.5
84.75
85.5
89.25
88.75
89.75
93.5
93.75
93.25
93.5
95.5
97
98
98
97.75
100
94.25
88.25
87.5
86.75
90
88
88.25
88.5
90.75
91.5
89.75
87.75
87
88.25
88.5
87.25
87
85.25
83
83.5
82.75
80.75
81.5
85.5
86.25
85
85.75
87.5
87.5
87.75
88
88.75
89.5
89.75
89.75
89.25
89.25
88.5
89.5
88.25
88.25
86.25
85
84.25
82
82.75
83.75
84.25
82.5
82.25
83
83.75
83
81.75
81.5
82
82
79
77.25
78.25
78.25
79
78
80.25
80.25
80
78.75
79
79.75
79.75
80.25
80.5
81.25
82.5
82.75
82.75
82.5
82
84.25
84.5
84.75
85.75
86
83.75
83
83
83.25
82.25
81.5
81.75
82
83
82.5
82.25
85.25
83.5
84
82.75
86.5
86.5
86
87
87.75
90.75
90.25
89.25
88
88
91
89
90.75
89.5
88.5
88.25
89
88.5
88.25
86
86.25
87.25
87.5
88
88
88
89
93
93.5
93
93.5
95.5
96.25
96.25
97.75
97.75
96.5
98
98.25
98
97.25
96.75
98.25
97
97.25
98.5
97.75
98.5
94.5
94.75
94
95
95
95.25
95.75
95
95
94.75
96.75
97.25
97
98
96.75
96.75
97
96.25
96.25
95
96.25
96
96.25
95.75
95.5
93.75
93.75
95.75
95.75
97.5
97
96
94.5
92.5
92.25
90.5
91
90.75
90.25
89.5
89.5
89.25
87.75
90
89.25
88.5
88
88
85.25
85.75
86.5
86.5
88
86.5
89.5
88.75
90.5
89
88.75
87.75
87
86.5
86.5
83.25
83.75
83
81.25
80.25
79.5
77
77.25
78.25
76.5
75
74
76
76
77.25
76.5
75.5
71.75
74.5
74.25
73
73
75.25
76
76.25
75.75
75.5
76
76
74.75
76
76
76
75
75.5
76.25
76.5
77
78
77
73.75
72.75
71
71.25
68.75
69.75
68.5
67.75
66.5
66.25
68.5
67.5
68.25
68.25
67.5
67
67
65.5
64.5
64.5
66.25
66
66
66
65.5
65.5
63.75
65
60.75
61.25
60.5
63
65
64
63.75
63.75
63
61.75
62
61.25
61.75
57.75
57
58
52.5
52.75
52.25
56
57
56.25
56.25
54.25
54.25
54
53.75
53.5
53.75
54.5
56.25
56.25
56.75
56.75
56.25
56.75
55.75
55.75
54.75
59.75
62
60.75
59
58.5
58
57.25
58
58.5
58.75
57.25
57.25
57.5
57.25
58.75
59.75
61
63.75
65
64.25
64
64.5
63.25
62.5
62
61.75
61.75
60.75
60.75
61.25
61
58.75
58.5
58.25
57.25
57
56
55.75
56.25
53
51.5
52
50.5
51
50.75
48.75
49.5
49.75
49
47.25
47.75
48.75
48
46.25
46.75
47.5
46.75
45.5
45.75
45.75
44.5
45
41.75
42
43
44.75
46.75
45.5
44.75
45.5
46.25
44.25
44.25
42.25
46.25
47.25
47.5
48
47.5
46.75
47.5
46
46.25
46.75
46.25
44.5
45.25
44.75
44.75
44
44.25
42.75
42.25
43.5
45.5
45
44.25
44.75
45
44.5
44
44.25
44.25
44.25
46.5
46.25
46.25
45
44.5
43.25
43.5
42.75
43
42.25
41.75
39.75
39
39.5
37.75
36.75
38.25
38.25
38.75
39.25
40.25
39.75
39.25
40.25
40.75
40.75
41
40
39.75
39.75
40
39
39
38.25
37.75
38
38.5
40
39.5
37.25
35
35.25
34.75
34.25
34
34.5
34.25
35.5
35.5
35
35.25
36.25
35.5
35.25
35.25
34.5
35.5
35.5
34.75
35
34.75
34.25
34.25
34.25
34.25
33.25
