177
182.5
182.5
181
182
183
188
190
190
187.5
183.5
184.5
183
180.5
180.5
177.5
177.5
176.5
181
180.5
182
185
188
190
190.5
190
190
190
190.5
188.5
187
188
187.5
186.5
181
181
183.5
183.5
182.5
185
183
182
179
183.5
184.5
184
182.5
185
187.5
189
188.5
190
188
190
189
187.5
187.5
188.5
187.5
188.5
188
189
188
197
194.5
198
200
197.5
195
199
198
198
199
199
198
198
198.5
199
199
201
202
198
197
199
201
196.5
199
198
199
198
198.5
196
195.5
197.5
197
197.5
195
196.5
198.5
196.5
196.5
197
198
195.5
196
196
194.5
197.5
197
197
196
196.5
196.5
197
195.5
195
197.5
198.5
196
197
200
201
199
195
197
197
193.5
194
195
195
194
195
195
195
195
195.5
195
195
196
194.5
194
194
194
196
197
194.5
193.5
193.5
193
192.5
193.5
192.5
192
192.5
194.5
192.5
193.5
193
194
199
198.5
199
198.5
196
199
198.5
196.5
195.5
196.5
195
195
195.5
195
194
194
197
201
200
200
199
199
198.5
201
199.5
200
200
202
201
201
202
200
201
199
199
201
204
205
205
204
202
199.5
199.5
200
199.5
199
199.5
202
203
202
201
200
199.5
201
201
203
204
208
205
207
207
204
203
202
203
203
204
205
204
203
202
203
214
204
206
208
206
205
206
205
206
208
214
209
210
209
210
208
209
214
216
213
218
218
225
221
222
222
221
220
215
210
216
216
212
214
210
208
208
212
210
211
208
209
212
209
211
214
212
211
214
212
211
214
210
208
208
210
210
213
213
214
214
215
215
215
214
216
215
215
215
214
214
214
213
213
212
212
211
212
211
214
214
214
214
214
214
215
216
217
222
218
219
225
220
220
222
224
223
225
225
228
229
229
228
229
228
227
225
226
227
233
234
234
231
229
229
229
232
233
228
228
229
233
237
234
231
230
228
227
230
231
230
234
235
234
231
230
232
231
230
235
234
232
232
232
231
230
231
230
230
229
230
230
227
226
228
228
227
228
225
223
221
222
222
221
220
222
222
220
220
221
220
219
218
215
215
216
216
217
219
218
220
222
218
218
220
221
221
223
225
225
222
216
216
220
217
216
217
216
218
223
219
218
218
220
217
218
220
221
219
219
221
222
220
218
218
220
219
218
216
217
218
221
221
221
229
241
239
231
233
232
237
243
238
238
235
239
238
235
233
231
239
240
238
234
236
236
236
236
236
233
232
232
232
229
232
235
228
224
228
226
227
228
231
225
229
234
229
228
226
227
226
222
223
229
231
228
229
227
232
227
228
230
231
228
232
230
232
232
232
235
240
237
234
241
236
237
241
241
242
241
237
237
233
237
237
234
227
231
229
231
228
230
229
226
224
224
222
227
226
225
229
233
229
230
230
228
229
225
226
227
227
225
230
231
231
230
231
231
231
229
233
232
226
229
226
226
225
230
227
227
229
231
233
232
233
233
226
226
226
225
226
227
229
228
234
236
239
241
243
237
237
238
237
237
234
236
236
235
234
234
233
232
231
231
233
231
229
232
230
230
227
231
229
230
227
228
230
231
232
229
230
228
231
231
230
230
231
234
238
237
236
234
233
233
235
235
235
238
237
240
236
239
237
243
240
243
244
243
241
242
252
253
255
250
250
248
244
248
246
248
253
247
247
248
250
252
249
250
248
249
253
256
254
256
256
257
262
260
262
262
263
263
266
271
268
269
268
267
265
267
266
267
269
269
270
264
265
268
267
266
267
269
268
267
265
267
275
277
276
272
274
279
279
279
283
286
289
287
290
292
296
299
294
294
288
290
288
289
290
291
294
299
295
298
298
297
296
297
296
297
298
298
296
293
289
285
285
285
279
280
281
288
286
286
285
287
289
291
297
297
303
304
307
309
312
317
313
314
319
323
319
321
322
323
322
325
325
325
329
328
330
326
329
330
330
339
337
331
332
335
335
329
332
332
330
334
331
328
329
318
318
316
315
309
312
312
310
308
316
320
324
322
325
332
334
333
331
328
334
336
333
343
357
359
356
355
360
350
347
348
353
355
355
354
343
345
348
348
356
354
359
355
354
352
351
355
354
355
353
360
360
369
372
368
368
375
384
380
374
361
353
347
350
354
350
346
345
346
350
355
353
352
352
355
354
357
356
354
356
353
353
349
345
342
343
346
342
337
331
331
326
321
314
315
319
315
317
326
330
330
330
328
331
328
326
327
327
329
333
343
349
342
339
336
344
340
338
332
330
324
319
320
317
304
304
307
312
304
305
307
310
305
298
300
298
297
293
289
285
291
282
284
273
267
274
280
278
268
242
241
234
200
210
185.5
183
191.5
201
218
192
199
215
221
228
227
231
230
234
234
257
251
251
257
255
257
249
235
239
244
252
260
266
266
267
275
290
286
269
267
269
270
271
269
262
259
254
254
258
265
261
266
268
269
270
276
270
276
272
275
280
272
272
268
265
260
262
262
261
258
258
254
251
246
254
250
247
248
255
261
261
254
256
253
247
248
251
247
249
253
254
250
248
245
246
240
237
234
235
237
235
237
235
236
237
233
234
236
236
234
229
228
228
228
222
224
222
222
219
217
214
212
207
208
202
200
199.5
199.5
200
196
195.5
194.5
191
190
192.5
190
187
190
190
191
189
189
192
193
190.5
185.5
180.5
180.5
178
173
172.5
170
172
171
168.5
168.5
166
167.5
173
169.5
184
178
186.5
191.5
198
191.5
193
190
188.5
191
190.5
191.5
204
200
202
205
218
216
212
209
210
212
215
212
209
208
210
210
206
190
196
192
196
194
193.5
195.5
192.5
192
196
201
200
198
196
196
196.5
195
191
187.5
191.5
188.5
189.5
187
186
187
184.5
180.5
178.5
180.5
179
177
177
177.5
179.5
182
186
184
182
182
181
178.5
177
172.5
173
170.5
169
172.5
176
179.5
179.5
180.5
181.5
180.5
178
180
182
181
182.5
181.5
182.5
182.5
188.5
185.5
187
187.5
186.5
188
186
185.5
186.5
184
181.5
179.5
179
179
177
175
176.5
176
176.5
176
175
175
174.5
178
175.5
176.5
174
175
177.5
175.5
175
173
171
171.5
169.5
172
170
170
169.5
169
169
174
174
175
176.5
177
174.5
174
176
176.5
183.5
184.5
185
182
181
180
184
182.5
180.5
175.5
173
172
171.5
171.5
175
173.5
174.5
173
172
170.5
170
169
170.5
174
171.5
171
171.5
170.5
171
170
171.5
171.5
172
173
171
169
173
178.5
176
176.5
178
176
174
174
178
177.5
176
175
175.5
178.5
178
179.5
181.5
178.5
180.5
181
178.5
178.5
179.5
181
180
178.5
177.5
176.5
177
177
176.5
176
174.5
172.5
173.5
176
176.5
175.5
174
175
174
174.5
174.5
176.5
176
178.5
180.5
179
179.5
180
178.5
180.5
178
177.5
178
178.5
179
177.5
180.5
178.5
177.5
177
175
176
176.5
175
175
176
176
176
177
177
175.5
175.5
176
177
176.5
177
176
172.5
169.5
166
167.5
168.5
168
172
171.5
171.5
174
173.5
173.5
175.5
175.5
173
174.5
174
175
174
174
175
176
175.5
176.5
176.5
173
172.5
172.5
172.5
174
173
173
173.5
172.5
173
172.5
171
170
172
171
171.5
171
170
171.5
172.5
173
174
174
174.5
176
176
176.5
174.5
176.5
177.5
181.5
182.5
182
182
176.5
179
179.5
177.5
180.5
177
176
170.5
168.5
171
172
172.5
170
168
169.5
172.5
173.5
171
172.5
170.5
170.5
171
172
170.5
171
170
170
170
169.5
168
170
168.5
169
168
168
168.5
170
170
169
167
166.5
167
166.5
166.5
166
164
161
162.5
161
171.5
171.5
175
177.5
175.5
176.5
177
176
178
179
179
179
180
179.5
180.5
179.5
178
178.5
178.5
177
174
173.5
174
171.5
173
172.5
172.5
175.5
174.5
175
176
178
176
176.5
176.5
176
174
176.5
176.5
178.5
179.5
183.5
183
186
186.5
185.5
188
185
185
185.5
184
185
186.5
187
186.5
186
184.5
186.5
188
189
189
184.5
183.5
183.5
184
184.5
182
182.5
180.5
180.5
181
181
183.5
183
181
182.5
181.5
183
181
182
179
179
180
177
175
172
173
172.5
170.5
173
172.5
170
169.5
168.5
164.5
165
163
161
165
163
162
162.5
162
162.5
161.5
163.5
163.5
163
163
165
169.5
171.5
169
170.5
172.5
172.5
170.5
170
170.5
172.5
171.5
172
173.5
173
174.5
170.5
169.5
168
169
171
170.5
172
170
171
172
171.5
171
170
169
169.5
167.5
170
169
170.5
169.5
170
169.5
169
169
168.5
168
169
170
172
173.5
172.5
171.5
175
178
176
177.5
177
176
174.5
174.5
175
175
174.5
175.5
176
175
175
176.5
175.5
176
175
174
175.5
174.5
173.5
172.5
172
171.5
171
171
171.5
170.5
172
172
171
170.5
172
171
170
169
167.5
171
161
162
161
163.5
162
162
160.5
159
151
152
152
152.5
152
154
154
157
157
156
157.5
157
155.5
155.5
156
155.5
155.5
155.5
157
159
161.5
162.5
163
162
158
158
158.5
156
155.5
157.5
156.5
153.5
153
157.5
156
154.5
153
152
146
148
146
144
141.5
144.5
145
144.5
142.5
143
142
141.5
144.5
139.5
141.5
140
141
144.5
143.5
143
143
143.5
142.5
141.5
140.5
140.5
138.5
135.5
135.5
131
130.5
131
130
130.5
131.5
130.5
130
127.5
128
130
128.5
131
132
133.5
137
136.5
138.5
137
137.5
137.5
128
129
131
133.5
133
130.5
130.5
131.5
130
131.5
132.5
136
130.5
132
132.5
132.5
134
134
134
134.5
137
137
136.5
136.5
133.5
134.5
133
132
132
132
131.5
130.5
132
133
130.5
130.5
128
126.5
125.5
125.5
125.5
123.5
121.5
122
120
121
118.5
116
116.5
116.5
117.5
120.5
121.5
123
122
122
120
121
118.5
116.5
116
121
118
121
121
122
123
126
130
128.5
126.5
129.5
129
126.5
128.5
127
129.5
129
127.5
126.5
127
128.5
130
128
128
131
134
129
127
127
127
126
125.5
120.5
121
123
124.5
125
125
128.5
127.5
127
127.5
128.5
127.5
128
129.5
130.5
131
130.5
129
128.5
129
130
130.5
132.5
129.5
128
129
130
129
128
132.5
132
131.5
132.5
133.5
131.5
131.5
133.5
133.5
133.5
133
132
131.5
130
129.5
128.5
129.5
129.5
128.5
130
131.5
132
131
129
130
117.5
117.5
117
116.5
116.5
117
120.5
120
120
115.5
115.5
116.5
115
113.5
112.5
115.5
114.5
115
114.5
115.5
113
114
115
114.5
113
