7.03
7.03
7.00
7.24
7.10
7.31
7.45
7.38
7.45
7.81
7.67
7.95
7.95
7.88
7.74
7.81
7.88
7.60
7.53
7.74
8.02
8.23
8.09
8.30
8.30
8.51
8.23
8.37
8.51
8.51
8.51
8.58
8.44
8.23
8.44
8.44
8.93
8.86
8.93
9.00
9.07
8.93
8.86
9.00
9.00
8.93
9.56
9.56
9.64
9.42
9.35
9.35
9.64
9.49
9.64
9.56
9.64
9.49
9.49
9.35
9.64
9.64
9.35
9.28
9.49
10.13
9.99
10.20
10.06
10.48
10.55
10.76
10.69
10.90
10.48
10.62
10.62
10.69
10.69
10.69
10.55
10.55
10.13
9.99
9.78
9.64
10.13
9.92
9.92
9.99
9.99
10.06
10.13
10.06
10.27
10.34
10.34
10.06
9.64
9.78
9.64
9.00
9.21
9.00
9.21
9.21
9.21
9.56
9.49
9.28
9.42
9.71
9.49
9.35
9.71
9.99
9.99
10.20
10.13
10.55
10.55
10.34
10.48
9.92
9.78
9.78
9.78
10.13
10.48
10.41
10.41
10.41
10.27
10.69
10.90
11.25
11.11
10.83
11.25
10.97
10.97
11.25
11.11
11.04
10.83
11.11
11.04
10.76
10.83
10.90
11.11
11.11
11.53
11.89
11.96
11.89
11.96
12.38
12.10
11.96
12.03
11.89
11.82
12.31
12.59
12.38
12.38
12.10
11.75
12.31
12.45
12.38
12.17
11.89
12.10
12.10
12.45
12.45
12.59
12.73
12.59
12.59
12.59
12.66
12.66
12.73
12.80
12.73
12.45
12.66
12.59
12.52
12.45
12.73
12.52
12.80
12.66
12.59
12.94
13.01
12.66
12.52
12.52
12.66
12.66
12.66
12.59
12.59
12.52
12.24
12.31
12.38
12.45
12.87
12.66
12.73
12.73
12.66
13.01
12.66
13.01
13.01
12.94
12.80
12.52
12.38
12.10
11.60
11.60
11.82
12.26
12.04
12.33
12.33
12.18
12.33
12.18
12.26
12.33
12.41
12.33
12.26
12.11
12.55
12.55
12.48
12.41
12.41
12.26
12.33
12.33
12.11
12.26
12.11
12.11
11.82
11.82
12.04
12.04
12.04
11.82
11.89
11.82
11.89
11.52
10.71
10.34
10.49
10.63
10.56
10.26
10.26
10.34
10.41
10.41
10.86
10.71
10.86
10.78
11.15
11.15
10.86
11.08
11.08
11.08
11.00
11.08
11.00
11.15
11.08
11.08
10.93
10.93
10.86
10.86
10.78
10.63
10.93
10.86
10.78
10.71
10.71
10.78
10.49
10.34
10.26
10.34
10.34
10.19
10.12
10.19
10.19
10.26
10.26
10.19
10.12
9.97
9.90
9.90
9.90
10.12
10.26
10.04
9.82
9.75
9.75
9.75
9.67
9.67
9.82
9.82
9.60
9.67
9.45
9.53
9.82
9.75
9.75
9.75
10.19
10.71
10.71
11.08
10.63
10.78
11.08
11.08
11.08
11.08
11.00
11.37
11.37
11.45
11.67
11.82
11.74
11.74
11.74
11.59
11.52
11.52
11.82
11.82
11.89
12.04
12.33
12.33
12.33
12.26
12.33
12.33
12.70
12.70
12.70
13.14
12.92
12.55
12.85
12.92
13.44
13.37
13.37
13.51
13.14
12.04
12.04
12.26
12.33
12.33
12.26
12.41
12.18
12.41
12.04
11.74
11.89
12.04
12.18
12.41
12.63
12.55
12.41
12.63
12.33
12.18
12.48
12.33
12.26
12.63
12.48
12.41
12.41
12.26
11.96
12.11
11.82
11.96
12.11
12.11
12.26
12.33
12.41
12.33
12.55
13.14
13.29
13.14
12.92
13.22
13.00
13.29
13.29
13.81
13.81
13.59
13.66
13.66
13.74
13.59
13.51
13.29
13.00
12.55
12.70
12.55
12.48
12.48
12.11
12.18
12.70
12.33
12.55
12.78
12.41
12.48
12.55
12.55
12.70
12.48
12.18
12.18
12.11
12.33
12.33
12.11
11.74
12.04
11.30
11.00
10.77
10.92
10.92
11.85
12.23
11.92
11.85
11.54
11.85
12.00
12.00
11.77
11.85
11.77
12.00
12.00
12.08
12.08
12.08
11.85
11.92
11.92
12.15
11.92
11.85
11.62
11.92
11.62
11.62
12.08
12.08
11.85
11.77
12.15
12.54
12.92
12.77
12.69
12.31
12.38
12.31
12.15
12.08
12.77
12.62
12.38
12.69
12.62
12.85
12.85
12.69
12.38
12.38
12.77
12.54
12.77
12.77
12.46
12.54
12.54
12.85
12.85
12.85
13.15
13.31
13.54
13.38
13.15
12.85
13.08
12.54
12.85
12.46
12.54
12.38
12.62
12.77
13.08
13.08
13.15
12.92
13.08
13.15
13.15
12.77
13.08
13.31
13.38
13.38
13.62
13.38
13.38
13.46
13.31
13.31
13.38
13.38
13.54
13.08
13.38
13.23
13.54
14.08
14.15
14.23
14.46
14.08
14.23
14.08
14.15
13.92
13.77
13.92
14.15
14.38
14.85
14.69
14.54
14.69
14.54
14.46
14.46
14.77
14.62
14.62
14.62
14.77
15.08
15.31
14.92
15.38
15.85
15.62
15.85
15.69
15.69
15.85
15.92
16.15
15.77
15.31
15.15
15.15
14.85
14.92
15.08
15.62
15.08
15.23
15.46
15.31
15.23
15.15
15.00
14.62
14.62
14.46
14.46
14.38
14.38
14.46
15.38
15.15
15.15
15.46
15.38
14.77
14.92
15.23
15.23
15.08
15.38
15.46
15.15
15.08
15.08
14.92
15.15
15.23
15.23
15.31
15.31
16.00
16.00
15.85
16.23
16.00
16.08
16.08
15.92
15.69
15.69
15.92
15.92
15.69
15.54
14.69
14.54
14.38
15.00
15.31
14.31
13.77
13.54
13.54
13.69
13.85
14.00
13.54
13.46
13.23
13.15
13.15
13.54
13.92
14.23
14.31
14.08
14.08
14.08
14.08
14.38
14.15
14.69
14.85
15.08
14.69
14.69
14.54
14.54
14.54
14.54
14.46
14.31
14.62
14.62
14.69
14.62
14.46
14.46
14.62
14.38
14.00
13.77
14.08
14.22
13.97
14.05
14.05
14.13
14.13
13.73
13.81
14.13
14.05
14.38
14.54
13.89
13.97
14.13
14.13
13.97
13.97
14.05
13.89
13.89
13.89
13.81
14.13
14.05
14.05
14.22
14.38
14.22
14.30
14.30
14.54
14.62
14.22
14.13
13.97
14.05
13.89
13.89
13.89
13.73
13.73
13.73
12.60
12.52
12.52
12.68
13.00
13.00
13.00
13.00
13.00
13.00
13.00
12.84
12.92
12.92
13.41
13.73
13.73
13.81
14.05
14.30
14.46
14.38
14.30
14.22
14.38
14.46
14.46
14.38
14.30
14.30
14.38
14.30
14.30
14.62
14.70
14.54
14.46
14.30
14.13
14.38
14.46
14.22
13.97
13.81
13.89
13.97
13.41
13.33
13.33
13.57
13.49
13.25
13.41
13.33
13.25
12.92
12.84
12.84
13.08
13.08
12.36
12.36
12.12
12.36
12.28
12.20
12.44
12.36
12.36
12.28
12.20
12.12
12.36
12.36
12.84
12.76
13.41
13.49
13.49
13.41
13.41
13.49
13.33
13.25
13.25
13.65
13.49
13.41
13.33
13.25
13.25
13.00
12.84
12.92
12.52
12.44
12.20
12.28
12.28
12.52
12.44
12.36
12.28
12.36
12.36
12.28
12.36
12.44
12.20
12.28
12.20
11.95
11.87
12.12
12.28
12.28
12.28
12.44
12.20
12.03
12.28
12.36
12.28
12.12
13.00
13.41
13.49
13.65
13.41
13.49
13.49
13.81
13.65
13.65
13.73
13.65
13.73
13.49
13.25
13.33
13.25
13.41
13.49
13.57
13.81
13.73
13.57
13.41
13.25
13.08
12.84
12.84
12.92
12.84
12.92
13.08
13.00
12.68
12.44
11.95
11.63
11.95
12.44
12.36
12.28
12.52
12.44
12.60
12.60
12.60
12.44
12.36
12.03
11.71
11.63
11.55
11.55
11.47
11.31
11.39
11.95
11.87
11.95
11.71
11.79
11.63
11.55
11.47
11.31
11.31
11.15
10.74
10.10
10.10
10.18
10.98
11.15
11.39
11.47
11.31
11.55
11.55
10.98
11.55
11.55
9.56
9.98
9.31
9.31
9.31
9.05
9.73
8.29
7.07
7.23
7.28
7.45
7.45
7.74
7.53
7.66
7.70
8.80
9.39
9.65
10.07
10.49
10.58
10.15
9.73
10.49
10.83
10.92
11.08
11.34
10.83
11.34
11.68
11.42
11.42
11.59
11.25
11.08
11.59
11.51
11.59
11.42
11.85
12.27
12.35
12.27
12.18
12.35
12.44
12.52
12.78
12.78
12.35
13.03
13.12
14.30
14.22
14.05
13.71
14.22
14.05
13.79
13.88
14.22
14.22
14.05
14.13
13.88
13.96
13.79
13.88
14.05
14.13
14.05
14.30
14.55
14.55
14.30
13.71
13.96
13.88
13.88
13.88
14.38
14.22
14.22
14.64
14.89
14.81
14.98
14.81
14.64
14.81
16.08
16.84
17.26
17.09
16.75
16.75
16.67
16.25
15.74
16.25
16.42
16.75
16.75
16.50
16.92
17.26
17.18
17.18
17.18
16.84
17.35
16.84
17.26
17.01
16.75
16.75
16.92
16.25
15.91
15.91
16.42
16.42
16.58
16.25
16.67
16.50
16.50
16.33
16.92
17.01
17.09
16.75
16.42
16.42
16.16
16.75
16.58
16.16
15.99
16.16
15.91
15.57
14.89
15.32
15.40
15.57
15.74
15.65
15.91
14.55
13.45
13.79
13.79
13.88
14.30
13.71
13.88
13.62
13.88
13.79
13.96
13.79
13.79
14.22
14.05
14.05
14.98
14.64
14.38
14.64
14.72
15.32
15.15
15.23
15.15
15.15
14.81
14.64
14.47
14.38
14.47
15.57
15.57
14.81
14.89
14.64
14.72
14.81
14.64
14.89
14.38
14.47
14.64
14.38
14.98
15.40
15.40
15.40
15.40
15.32
15.15
15.06
15.74
15.74
16.16
16.50
17.94
17.77
17.18
17.09
17.60
17.09
17.35
17.18
17.43
17.85
17.68
17.60
17.26
17.09
16.92
16.92
16.92
17.52
17.09
17.26
17.35
17.52
18.31
18.13
18.58
18.93
18.22
18.31
18.05
18.49
18.40
18.58
19.02
18.84
18.75
18.67
18.49
18.22
19.02
18.75
18.67
18.40
18.67
18.49
18.67
18.40
18.84
18.84
18.58
18.49
18.58
19.02
18.75
19.28
20.26
19.90
20.08
20.08
20.08
20.35
20.26
19.99
20.52
19.82
20.61
20.52
20.52
20.70
19.82
20.61
20.26
19.99
19.37
19.46
19.99
19.64
19.37
19.20
18.84
18.84
18.58
18.75
19.20
19.20
19.28
19.46
19.64
19.55
19.28
19.37
19.02
18.93
19.28
18.67
18.84
18.67
18.75
18.58
18.31
18.22
18.31
18.13
18.22
18.67
18.93
20.17
20.88
21.23
21.23
20.70
20.88
21.58
21.50
21.23
21.41
21.32
21.05
21.41
21.23
21.05
21.05
20.61
20.17
20.52
20.26
19.64
18.93
18.67
18.84
18.49
18.40
18.84
18.84
18.93
18.75
18.67
18.67
19.20
18.93
18.75
18.75
18.93
19.37
19.20
19.02
18.93
18.93
18.67
18.22
18.22
18.40
18.75
18.93
18.84
18.84
18.75
18.93
18.40
18.49
18.49
18.49
18.13
18.22
18.58
18.49
18.49
18.40
18.22
18.31
19.02
19.20
19.20
19.02
19.02
18.93
18.75
19.20
19.11
18.84
18.67
18.49
18.31
18.05
18.05
18.22
18.13
18.13
18.22
18.31
18.31
18.49
18.31
18.31
18.31
18.22
18.31
18.22
18.22
18.05
18.13
17.96
17.87
17.52
17.25
16.98
16.90
17.07
17.25
17.25
17.43
17.52
17.52
18.05
17.87
17.78
17.69
17.78
17.69
18.05
17.87
17.69
17.78
17.87
17.87
17.87
17.69
17.78
17.78
17.60
17.69
18.13
18.40
18.31
18.40
18.22
18.22
18.05
17.87
17.69
17.69
17.60
17.07
16.72
16.28
16.54
16.81
16.90
16.98
16.81
16.81
16.90
17.07
17.60
17.96
17.60
17.52
18.49
18.31
18.40
18.75
18.67
18.93
18.67
18.37
18.18
18.46
18.37
18.74
18.92
18.65
19.11
20.12
19.85
20.22
19.66
19.85
20.40
20.68
20.58
21.32
21.14
21.05
20.58
20.77
20.95
20.58
20.77
21.05
21.05
20.68
20.58
20.49
20.77
20.68
20.77
20.95
21.14
21.23
21.42
20.95
20.68
20.49
20.49
20.03
20.12
20.03
20.22
19.94
19.94
19.94
19.75
19.38
19.57
20.12
19.94
19.75
19.85
19.85
19.29
19.11
19.02
19.11
19.38
19.57
19.29
19.66
20.22
20.12
20.12
20.03
19.75
19.20
19.38
18.09
17.72
17.54
17.45
17.35
17.08
17.08
17.08
17.08
17.17
17.08
16.98
16.43
16.34
16.15
16.15
16.43
16.25
15.97
15.60
15.60
15.88
16.25
15.97
16.34
16.52
16.80
17.08
16.98
17.35
17.91
17.35
17.17
17.17
17.08
16.98
17.08
17.26
17.26
17.26
17.91
18.18
18.46
18.00
17.82
18.09
18.28
18.00
18.28
17.91
18.00
18.09
17.82
17.91
17.72
17.91
18.00
18.18
18.18
19.11
19.02
19.11
18.92
18.83
18.83
18.92
18.83
18.92
18.74
18.46
18.65
18.55
18.46
18.55
17.82
17.72
17.54
17.82
17.63
17.26
17.26
17.63
18.18
18.46
18.37
18.37
18.37
18.55
18.74
18.92
18.74
18.55
18.55
18.74
18.74
18.92
18.65
18.74
18.65
18.46
18.65
18.37
18.55
18.46
18.46
18.37
18.28
18.18
18.09
17.91
18.00
18.00
18.09
18.46
18.55
18.37
18.37
18.18
18.18
18.09
18.18
18.46
18.37
18.65
19.29
19.57
19.66
19.66
19.94
19.75
19.94
20.12
20.40
20.68
20.77
20.58
20.86
21.05
20.68
19.48
19.20
19.02
19.20
18.92
19.02
18.65
19.20
19.02
19.02
18.92
18.74
18.65
18.65
19.11
19.20
19.38
19.11
19.48
19.29
19.29
19.20
19.11
19.02
18.00
17.54
17.45
17.54
17.54
17.54
18.00
17.91
18.28
18.08
17.98
17.79
17.50
18.08
18.08
18.27
18.27
18.56
19.04
18.94
18.56
18.65
18.65
18.27
17.98
17.98
17.79
17.60
17.69
18.27
18.46
18.08
17.79
17.79
17.98
17.50
17.40
17.02
17.31
17.21
17.02
16.92
17.02
16.83
16.44
16.35
16.35
16.15
16.35
16.44
16.44
16.44
16.63
17.31
17.21
17.12
17.88
17.88
17.88
17.69
17.40
18.17
18.17
18.56
18.46
18.08
18.08
17.60
17.88
17.79
17.98
17.69
17.31
16.73
16.15
16.54
16.73
16.73
16.92
16.83
16.73
16.35
16.25
16.44
16.35
15.87
15.77
15.77
15.67
14.71
15.10
15.19
15.19
15.67
15.38
14.52
14.42
14.71
14.62
14.62
14.81
15.29
15.48
15.29
15.48
15.19
15.29
15.38
15.58
15.77
15.87
15.87
15.77
15.77
15.87
15.96
15.67
15.87
15.87
15.87
15.77
15.87
16.63
16.92
17.40
17.31
17.40
17.40
17.31
17.12
17.40
18.08
18.08
17.60
17.60
17.79
17.79
17.88
17.79
17.88
17.40
17.21
17.02
17.12
17.02
16.73
16.25
17.02
17.02
16.92
16.73
16.54
16.06
16.15
15.77
15.96
15.77
15.67
15.58
15.67
15.48
15.58
15.48
14.42
14.81
14.62
14.42
14.23
14.42
14.90
14.71
14.71
15.10
15.19
14.90
15.38
15.96
15.67
15.77
16.25
16.25
16.73
16.63
16.25
16.83
16.44
16.44
16.63
17.21
17.21
16.92
16.73
16.54
17.02
16.44
16.15
16.25
15.67
15.96
15.77
15.58
15.48
15.48
15.58
16.15
16.35
16.44
16.25
16.44
16.92
16.92
16.73
16.63
16.54
16.15
15.67
15.96
15.96
15.77
15.67
15.67
15.19
15.38
15.48
15.38
15.10
14.90
14.62
14.52
14.33
14.90
14.71
14.42
14.81
14.81
14.62
14.62
15.38
15.19
15.29
15.29
15.19
15.19
15.77
15.67
15.77
15.96
15.67
15.58
15.67
16.35
16.25
16.00
16.30
16.60
17.00
16.70
16.70
16.90
16.70
16.50
16.70
16.60
16.50
16.70
16.80
17.10
17.00
16.90
17.20
17.00
16.80
16.60
16.50
16.90
16.70
16.50
16.70
16.70
16.60
