23.39
22.94
22.00
22.27
22.27
22.72
22.49
23.39
23.16
24.72
24.72
26.06
26.28
26.28
26.28
26.28
26.06
26.50
27.39
27.62
27.62
28.51
28.06
27.39
27.39
26.95
26.73
26.50
27.62
27.62
28.29
28.29
28.29
28.51
29.62
29.40
28.95
28.95
28.51
28.73
28.51
28.95
29.40
29.40
29.40
28.95
29.18
28.73
28.95
29.18
28.95
28.95
30.51
30.96
30.51
29.84
29.84
29.62
30.07
31.18
32.29
32.52
33.41
33.63
33.41
33.41
34.52
34.08
34.30
34.97
34.52
34.74
34.97
34.97
34.08
32.74
32.74
32.52
32.96
33.41
33.41
32.74
31.40
30.96
31.63
32.96
32.29
31.85
32.07
31.85
31.85
31.85
32.96
32.52
31.85
32.07
31.18
30.73
30.73
31.18
30.07
28.73
28.95
28.51
29.40
30.29
30.29
31.63
32.29
31.63
32.07
32.52
32.29
32.96
32.52
32.29
32.07
32.52
32.07
32.74
32.29
32.29
30.96
30.51
30.73
30.29
30.29
31.18
32.07
32.07
32.29
32.07
32.52
32.07
31.63
31.85
31.63
31.63
32.52
31.85
31.63
31.63
31.85
31.85
32.52
31.85
31.85
31.40
30.96
30.96
30.96
31.18
30.96
30.96
31.40
30.96
31.40
31.40
32.29
32.52
32.07
31.18
31.40
31.85
32.07
32.07
32.07
31.85
31.63
31.40
31.85
31.63
32.07
31.85
32.29
32.07
31.85
32.07
32.29
33.18
32.96
32.29
32.29
32.29
32.52
32.74
32.74
32.52
32.52
32.29
32.07
31.85
32.07
32.29
32.29
32.29
32.07
32.52
32.07
31.85
31.63
31.63
32.52
32.29
32.07
32.52
32.74
32.52
32.52
32.52
32.07
32.52
32.29
31.63
30.73
30.73
30.51
30.73
30.51
30.73
30.51
30.51
29.40
28.51
28.29
28.06
28.06
28.06
27.84
28.95
29.62
29.62
29.62
29.40
29.62
30.29
30.29
30.29
30.51
30.73
30.51
30.07
30.29
30.51
30.73
30.73
30.07
30.07
30.29
30.29
30.29
30.29
30.29
30.29
30.29
30.51
31.63
31.18
30.73
30.51
30.07
31.18
31.63
31.63
31.18
31.18
31.63
31.18
30.73
30.29
30.29
30.29
30.51
30.73
30.96
30.96
31.18
31.18
31.18
30.96
30.73
30.73
30.73
30.51
30.51
30.29
30.73
30.51
30.96
30.96
30.73
30.73
31.40
31.85
31.63
31.18
31.63
33.18
32.74
32.74
32.74
32.29
32.96
33.41
33.18
32.74
32.52
33.63
34.97
34.74
34.74
34.30
33.63
33.85
34.08
35.41
35.19
35.63
35.19
34.74
34.30
35.41
35.63
35.63
36.08
36.97
36.08
35.19
34.74
34.08
34.08
34.52
35.41
34.74
34.52
34.52
33.85
33.63
33.63
33.85
34.08
34.74
34.74
34.52
34.74
35.63
35.41
35.86
35.41
35.63
36.75
35.63
36.30
38.31
38.08
39.87
39.42
40.09
39.87
39.64
40.98
40.76
40.31
41.20
42.09
45.66
45.88
45.43
46.77
46.10
46.77
46.10
45.88
50.11
49.67
49.44
49.00
49.22
49.89
53.01
55.01
54.79
54.34
55.23
55.23
52.78
52.78
51.89
52.78
52.12
51.22
51.67
51.45
48.78
47.88
49.22
52.12
51.67
52.12
50.78
50.33
49.67
50.33
49.67
49.00
50.78
50.78
48.55
49.22
53.45
53.23
53.23
55.90
57.46
56.79
59.47
58.80
57.91
59.24
62.36
64.37
65.26
63.25
64.14
63.70
63.70
66.15
65.03
63.47
64.37
69.49
68.82
69.49
69.49
73.72
73.27
76.84
77.06
75.95
76.61
73.72
73.50
75.72
74.83
74.16
73.50
72.38
71.27
71.71
72.83
73.94
73.94
76.39
73.94
73.27
70.60
71.27
70.38
70.60
68.82
64.81
67.71
69.71
68.60
65.92
65.48
65.03
63.03
62.58
64.81
64.14
66.59
67.93
67.93
66.82
66.59
67.04
67.71
69.04
68.60
68.15
68.82
68.82
67.26
67.26
67.71
66.82
64.59
63.92
63.47
63.92
65.26
65.26
67.71
65.70
65.70
67.71
67.71
66.37
65.92
65.70
66.15
67.26
67.26
67.48
68.82
69.27
70.16
67.48
67.93
67.26
69.04
68.60
67.71
67.04
67.93
67.71
68.82
67.93
67.48
67.93
68.37
67.71
67.48
65.03
64.14
64.14
64.59
65.26
64.14
63.25
63.25
63.03
63.03
64.59
65.48
65.03
63.70
63.25
62.36
62.36
62.14
62.58
62.36
61.47
61.69
61.92
62.36
61.69
61.69
61.92
61.25
61.47
62.36
63.03
63.03
62.14
61.92
61.92
62.81
62.81
62.36
61.92
61.92
62.58
61.47
62.58
61.69
62.58
62.58
62.36
63.70
64.14
63.03
62.36
61.92
63.47
63.70
65.03
63.25
64.14
63.70
64.37
64.81
64.14
64.37
65.03
64.81
64.59
64.37
62.36
63.03
62.14
61.02
60.13
58.35
59.47
59.02
59.47
61.69
61.02
61.47
61.02
61.02
60.58
60.36
60.36
60.36
61.25
60.36
60.36
58.80
58.80
58.35
58.57
60.58
59.69
59.47
59.24
58.80
57.24
51.45
51.67
48.11
50.33
49.67
49.22
50.11
51.45
50.78
51.22
50.33
49.22
50.56
50.56
50.11
49.00
49.00
49.00
48.78
48.78
48.55
48.11
48.55
47.88
49.00
49.89
49.67
49.44
49.00
49.22
50.56
50.78
49.44
49.44
49.00
50.33
49.22
50.56
50.11
50.78
53.45
56.12
56.79
57.24
56.35
55.68
51.22
52.12
52.34
51.22
51.22
52.12
51.22
50.78
50.78
50.11
49.44
49.44
48.78
49.00
51.00
51.22
51.89
53.67
54.57
54.57
53.67
53.67
55.23
55.90
55.23
55.68
56.79
56.57
56.12
55.68
54.79
56.12
55.90
55.90
55.23
56.57
56.57
56.57
56.79
57.46
57.02
58.13
57.24
55.46
55.23
55.23
55.23
54.57
54.34
52.56
51.89
51.45
52.34
51.67
50.33
50.78
50.56
50.78
51.22
50.56
50.33
50.78
50.78
50.56
51.89
52.78
52.56
51.45
52.12
53.01
53.01
54.57
54.79
55.23
55.23
54.79
54.57
53.90
53.90
53.45
53.23
53.90
55.46
55.90
56.79
56.35
55.23
54.57
54.57
54.34
54.34
52.12
51.45
51.00
51.00
51.00
48.78
49.44
50.11
50.11
49.67
49.67
50.11
51.67
51.89
51.89
51.67
52.12
53.67
53.45
52.78
52.34
53.45
53.90
54.12
56.12
56.12
55.90
55.46
57.91
60.13
62.58
63.92
63.92
63.92
61.69
65.26
66.15
62.81
64.59
63.92
63.70
63.25
60.36
62.58
62.36
61.02
61.69
61.25
63.03
63.03
59.69
59.47
60.36
60.58
60.58
61.02
60.36
63.70
61.92
59.69
59.24
59.91
61.25
62.58
62.58
63.70
64.37
65.26
65.70
65.70
65.48
65.48
64.59
65.03
72.00
70.00
70.00
70.00
71.50
71.00
69.75
70.75
71.00
71.00
71.25
72.00
69.75
69.00
68.50
68.75
68.50
70.25
70.25
70.25
70.25
70.00
70.50
70.50
74.00
73.75
77.75
75.00
78.50
81.00
84.50
87.00
87.50
87.00
92.25
93.00
89.50
91.75
84.25
83.25
82.25
82.50
88.25
85.25
81.75
82.00
83.50
84.75
84.25
83.75
85.00
85.25
87.00
87.00
87.75
88.00
88.25
89.25
86.50
83.25
82.50
81.50
82.50
83.50
84.75
84.25
83.50
85.00
87.00
87.00
82.25
80.50
81.50
83.25
82.50
82.25
84.75
84.50
85.00
84.75
85.75
86.25
85.50
87.75
89.50
88.25
91.00
93.75
95.75
96.75
92.00
95.75
92.25
94.00
93.75
96.25
97.50
93.75
92.00
88.25
89.00
88.50
84.00
81.25
83.25
79.00
76.50
77.75
77.00
78.50
77.00
74.25
76.75
75.75
71.75
73.00
74.75
72.00
72.00
66.75
68.00
63.00
61.25
63.75
64.00
67.75
66.00
61.50
62.50
57.25
50.25
51.75
45.50
47.00
49.00
53.50
61.50
52.50
53.25
56.00
55.25
55.50
55.00
57.00
56.00
57.75
57.00
65.00
64.75
66.00
68.25
67.00
64.75
63.25
62.25
63.25
65.25
66.00
71.75
72.25
69.25
70.50
70.50
70.25
70.50
68.25
68.50
68.00
72.25
74.25
72.00
71.50
71.75
71.50
73.25
76.00
75.50
77.25
78.75
78.00
77.75
76.25
75.50
76.75
79.50
79.25
80.50
80.25
78.50
79.00
78.50
77.75
75.00
76.50
78.25
80.00
77.25
77.00
77.00
75.00
73.75
74.75
74.00
73.50
73.75
76.00
76.00
76.50
75.75
75.50
73.50
73.50
73.50
74.75
73.25
74.50
74.25
76.00
74.00
72.75
71.75
71.50
68.25
68.50
67.00
69.00
68.75
69.50
70.75
70.50
70.75
70.50
68.25
68.25
68.50
69.00
66.00
62.75
64.50
63.50
64.00
65.75
65.25
64.00
63.25
63.00
63.50
62.50
62.75
63.00
64.00
63.50
63.75
63.50
63.50
64.50
63.00
63.00
62.75
59.00
57.75
60.00
58.75
57.50
58.75
57.25
57.00
56.50
57.50
59.50
58.50
59.00
58.00
56.00
56.25
56.50
54.50
54.00
53.25
53.75
53.50
53.00
52.00
51.75
51.75
54.50
53.25
60.00
63.50
64.50
66.25
68.25
67.25
68.75
67.00
64.50
67.00
66.25
68.00
70.75
69.25
70.50
70.75
72.50
70.25
69.50
69.50
70.75
70.75
71.75
71.50
70.25
70.75
70.50
70.75
70.50
65.00
67.25
66.50
67.75
67.75
78.50
75.75
73.75
79.00
84.75
79.75
83.50
82.00
82.00
83.50
85.75
84.00
81.50
83.50
83.25
81.25
80.25
79.25
81.50
83.50
81.50
78.00
78.25
78.25
78.75
78.00
76.25
77.00
77.25
80.50
80.50
80.75
79.50
81.00
79.00
79.00
77.75
75.25
76.75
76.00
75.25
74.75
75.75
76.75
75.50
75.50
73.50
74.75
74.75
75.00
76.75
75.75
76.00
75.25
74.75
74.50
74.50
74.25
74.25
76.50
76.00
75.75
75.00
77.00
76.50
76.00
74.75
73.50
73.50
73.75
72.00
72.50
73.50
74.25
73.50
72.50
72.50
71.25
71.25
73.25
73.00
72.75
71.00
71.75
73.25
72.75
72.50
71.75
70.00
69.50
68.50
69.25
69.00
68.50
68.50
68.25
70.00
72.75
72.00
73.00
76.75
76.50
75.25
73.75
74.50
75.00
75.50
75.50
76.00
74.50
74.75
74.00
76.50
75.50
74.50
74.00
72.50
71.75
72.50
72.50
73.00
75.50
74.50
76.75
76.25
75.50
73.25
73.25
73.00
74.50
78.75
79.00
79.25
80.25
79.75
79.75
79.50
78.75
79.00
79.50
76.75
77.75
78.00
81.50
79.25
78.50
80.25
79.25
79.00
78.50
78.75
79.00
78.50
78.50
79.25
79.00
79.25
80.75
80.50
80.50
82.50
83.25
82.50
82.75
83.25
82.75
81.00
80.75
80.25
79.75
79.75
79.50
79.75
77.75
77.50
76.75
77.75
78.00
78.00
77.00
76.25
76.25
75.50
75.75
76.25
77.25
75.75
76.00
76.00
75.75
75.50
76.25
76.00
76.25
76.50
76.50
77.00
76.75
77.75
77.50
78.25
78.00
78.00
77.75
77.00
77.50
78.50
76.00
75.25
74.50
74.25
74.50
75.00
75.25
75.00
76.00
76.75
77.75
77.25
77.25
77.00
75.50
74.50
73.50
73.50
73.75
74.00
74.25
74.25
74.50
74.50
74.50
74.50
77.00
78.25
78.50
81.75
83.00
83.00
86.25
86.00
87.00
88.00
88.75
88.25
87.50
85.50
84.50
84.00
84.25
86.50
85.75
85.75
87.25
86.00
85.25
84.50
81.50
81.75
81.50
81.00
78.75
78.25
78.25
79.00
78.75
78.25
79.00
76.75
75.50
75.75
75.25
75.50
74.00
75.50
76.50
76.50
75.25
75.00
75.50
73.50
74.25
75.00
74.75
73.00
70.75
70.00
67.00
66.25
66.75
68.00
68.75
68.50
68.25
69.75
72.25
71.50
71.00
70.00
69.75
69.25
69.50
70.25
70.25
72.25
72.25
71.25
72.25
71.75
70.75
71.50
69.50
69.50
69.00
69.25
69.50
70.00
69.75
68.75
66.50
66.50
66.75
66.50
66.25
65.50
63.00
59.75
61.25
61.50
60.50
60.00
62.00
63.25
62.25
62.50
63.00
64.25
63.75
64.25
64.75
67.25
66.75
68.00
67.25
66.00
64.75
65.75
65.25
65.25
63.25
63.00
62.25
61.50
64.50
66.00
65.50
65.00
65.25
66.75
67.00
66.50
65.25
64.50
66.25
65.75
64.50
65.75
65.50
65.75
67.75
67.00
67.00
66.75
67.50
65.50
65.75
65.75
66.00
67.00
68.00
67.75
69.25
69.00
69.25
70.50
70.50
71.25
71.00
71.25
71.25
71.50
71.25
71.75
71.75
68.75
67.50
67.75
67.00
67.00
67.00
66.25
66.25
68.00
67.25
67.00
66.25
67.00
66.50
69.00
69.25
68.50
69.50
69.00
67.50
66.50
67.25
68.50
68.00
68.75
67.75
67.75
67.75
67.25
64.50
63.75
61.25
61.00
60.50
60.75
60.00
58.75
58.50
58.25
58.25
59.50
60.00
60.00
60.50
61.25
61.50
62.50
62.75
62.00
65.75
66.00
64.75
64.50
65.00
65.75
65.25
65.50
67.25
67.25
67.50
66.50
66.75
66.50
67.25
67.75
68.75
69.25
68.50
69.25
69.50
69.50
70.00
69.50
70.50
69.75
69.75
70.00
70.00
70.50
72.50
73.00
72.50
71.25
71.50
71.00
71.25
71.50
72.00
72.50
73.50
73.00
72.75
75.00
74.75
75.00
75.25
74.75
74.25
74.50
74.00
73.75
73.25
72.75
73.50
73.25
72.75
74.00
74.50
68.50
69.75
69.50
68.75
70.25
69.25
69.50
69.00
69.50
69.00
68.75
68.50
72.00
71.25
71.00
71.25
71.00
70.25
70.50
70.00
69.50
68.00
66.75
68.00
66.75
65.50
66.00
66.50
65.25
66.25
66.50
66.00
63.75
65.25
66.25
66.50
66.75
67.75
67.75
69.00
68.75
68.75
68.75
69.00
68.50
68.00
67.50
66.75
66.75
66.75
67.50
68.00
68.25
68.00
67.25
65.25
63.75
64.00
63.25
62.50
62.75
63.25
64.00
64.25
64.50
66.00
65.25
64.50
63.75
62.75
59.00
60.00
59.50
59.50
58.75
59.25
59.50
59.75
59.75
60.25
60.00
58.50
58.50
56.00
58.00
56.50
57.00
58.75
58.75
59.50
61.00
60.25
60.00
60.50
59.25
60.00
59.00
57.75
57.75
56.50
54.75
53.75
53.25
54.25
54.50
54.75
52.50
52.25
52.00
52.00
51.75
53.00
53.75
54.50
55.25
55.25
55.25
55.00
55.25
55.00
54.75
54.25
57.50
57.75
57.00
55.25
54.25
55.00
54.00
54.50
52.50
52.50
52.00
52.25
52.75
52.75
53.25
54.00
54.00
55.25
55.75
55.75
54.50
54.00
52.75
52.25
51.50
52.50
51.25
51.50
51.25
49.75
50.00
49.25
49.75
50.50
48.75
48.00
47.25
48.25
48.25
46.00
44.75
44.75
43.25
44.75
44.50
43.25
43.75
43.00
42.00
41.75
41.75
43.00
42.00
40.25
40.50
40.50
39.25
37.50
38.50
38.75
38.75
39.50
38.75
39.00
39.00
40.50
43.50
43.25
41.25
42.75
43.50
43.75
43.75
43.00
46.75
47.25
47.25
48.00
47.75
45.75
45.00
44.00
45.00
46.00
47.75
45.50
46.75
46.25
46.75
46.75
46.75
46.00
44.50
47.25
49.00
48.50
48.25
48.50
48.50
48.00
48.50
48.50
47.75
48.50
50.50
49.50
50.50
48.75
48.00
47.00
49.00
49.50
49.25
49.00
48.00
46.00
48.25
49.25
47.75
48.00
50.00
49.00
49.75
49.75
49.50
49.25
49.00
50.75
51.00
51.25
51.50
51.25
51.00
52.25
52.25
51.50
51.75
51.25
52.25
52.50
53.25
53.00
53.00
52.25
52.00
51.00
51.75
50.75
51.25
51.75
52.75
55.00
56.00
55.75
54.75
54.50
54.00
54.75
56.25
55.25
55.50
55.25
54.00
53.75
53.00
52.50
52.75
52.75
52.25
52.25
