10.6287
10.0849
10.8265
10.4310
10.6782
10.5299
10.6782
10.9253
10.9253
10.8759
10.9748
11.0242
11.5680
11.7658
12.4084
12.3096
12.8533
13.5949
13.6938
13.5949
13.4960
13.4466
13.7926
13.8421
15.1274
15.1274
14.6330
15.1274
14.8308
15.0285
15.3251
15.3251
15.3251
14.5342
14.5342
14.5342
14.2870
14.5342
14.5836
14.2870
14.2376
14.1881
14.1387
14.3859
14.4353
15.0285
14.9791
14.7319
14.8308
15.1768
15.0285
14.8802
14.4847
14.1387
14.3364
14.6825
14.6330
14.4847
14.2870
14.5342
14.5342
14.5342
14.2376
13.3477
14.0892
14.4353
14.2376
14.0892
13.8915
13.5455
13.5949
13.6938
13.8421
14.0398
14.1387
14.1387
13.8421
13.7432
13.3971
13.3971
13.0511
12.6556
12.4579
12.5567
13.2488
13.1500
13.3477
12.9028
12.9028
13.2488
13.2488
13.1500
12.9028
12.8533
13.3477
13.2983
13.3477
13.5949
14.1387
14.3364
14.2870
13.9904
13.9904
13.7926
14.2376
14.4353
13.8421
13.8421
13.9904
13.9409
14.2870
14.0892
13.9904
13.8915
13.8915
14.0398
13.8421
13.4466
13.2983
13.4466
13.8421
13.7926
13.7926
13.7926
13.6938
13.7926
13.6938
13.7926
13.5949
13.3971
13.1005
13.3477
13.0511
12.7545
12.3096
12.4084
12.6062
12.5073
12.2601
12.6062
12.9522
12.7545
12.4579
12.5567
12.6062
12.8533
12.7545
12.8039
12.8039
12.5073
12.3096
12.2601
12.6062
12.9522
12.8533
12.6556
12.3590
12.5567
12.5073
12.8039
12.7050
12.7050
13.1005
13.2488
13.5455
13.3477
13.2488
13.0511
12.8533
13.0511
13.4466
13.7432
13.5949
13.6443
13.5949
13.7432
13.6938
13.5949
13.5949
13.5949
13.4960
13.4466
13.4960
13.2488
13.4960
13.3971
13.6938
13.4960
13.4960
13.7432
13.9409
14.1881
14.4353
14.7319
14.6330
14.6330
14.4353
14.2376
14.7813
14.8802
15.0780
15.0285
15.3251
15.0285
14.8308
14.5342
14.0398
14.6330
14.8802
14.6330
14.7319
14.8802
14.9297
14.8308
14.9791
14.8802
14.7813
15.0285
14.9297
15.0285
15.2263
15.4240
15.3746
15.3251
15.2263
15.1274
15.4735
15.5229
15.5229
15.5229
15.5229
15.3251
15.1768
14.9297
14.9297
14.6825
14.7813
14.1881
14.9791
15.1274
14.9791
15.0780
15.0285
14.9791
15.0780
15.1274
14.8308
15.0285
14.9791
15.1768
14.9791
15.1768
15.0780
15.2263
15.3251
15.9184
15.8195
15.7701
15.3251
15.5229
15.3746
16.1161
16.5116
16.3139
16.4622
16.5610
17.0060
16.8577
16.5610
16.6105
16.8082
16.1656
16.3633
16.4622
16.6105
16.6105
16.7588
16.9071
16.8082
16.8577
16.7094
16.7094
16.9071
17.2037
17.5003
17.4509
17.2037
17.4015
17.3026
17.3520
17.3520
17.5003
17.6486
17.5498
17.4015
17.3520
17.5498
17.7475
18.2419
18.1430
17.8958
18.0936
17.8958
17.6981
17.5003
17.5992
17.4509
17.5003
17.7475
17.6486
17.6981
18.0936
17.9947
17.8958
17.8464
17.8958
17.9452
18.2419
18.2913
17.9947
18.5385
18.8845
18.9340
18.8845
19.3789
19.4283
19.2306
19.2306
19.5272
19.5766
19.8733
19.8733
19.9721
19.7744
20.0710
19.9721
19.8733
19.6261
19.7744
20.5654
20.8620
20.4665
20.6642
21.0597
21.1586
21.0597
20.8620
20.7631
20.7631
20.9608
20.3676
20.2687
19.3295
19.2306
19.2800
19.5766
19.3789
19.7249
20.2687
20.4665
20.1699
20.3676
20.3676
20.8620
20.8620
20.8620
20.7631
21.2575
21.6529
21.8507
21.4552
21.6529
21.8507
22.4439
22.4439
22.8394
22.6417
23.1360
23.5315
24.3225
24.3225
24.3225
25.2123
25.6078
25.4101
24.8168
24.8168
25.0146
24.6191
25.3112
25.2123
24.8168
25.0146
24.7180
25.3112
25.2123
25.1135
25.1135
25.1135
25.7067
25.4101
25.0146
25.0146
24.8168
24.4214
24.1247
24.3225
24.7180
24.6191
24.1247
23.3338
23.8281
23.8281
24.4214
24.3225
24.7180
26.2999
26.9920
27.3875
27.9807
28.0796
28.7717
27.9807
28.6729
31.3424
31.0458
30.8480
31.5401
31.2435
31.4413
31.2435
30.1559
29.0683
29.4638
30.9469
30.5514
30.8480
30.3537
30.2548
29.5627
30.4525
30.0571
31.1446
31.1446
31.6390
31.2435
30.9469
31.2435
31.0458
31.2435
31.1446
31.7379
31.5401
33.0232
33.6164
33.8142
34.7040
34.4074
34.0119
35.0007
34.9018
34.1108
33.5176
32.5289
31.5401
32.0345
32.1334
34.0119
34.6052
33.5176
34.0119
33.8142
34.0119
33.7153
33.0232
33.2210
33.2210
34.2097
34.4074
34.9018
34.8029
34.3085
34.6052
34.2097
34.2097
33.7153
33.0232
32.6277
33.7153
33.9131
33.5176
33.2210
33.7153
34.2097
33.9131
31.9356
31.0458
31.0458
32.3311
31.9356
31.7379
32.5289
32.5289
32.4300
32.5289
32.8255
33.4187
33.7153
33.7153
34.3085
33.3198
34.4074
35.0007
38.2634
38.5600
37.7691
39.0544
38.5600
39.2521
39.0544
39.9442
39.7465
39.2521
38.5600
37.6702
39.1533
38.6589
38.0657
37.9668
38.8567
38.9555
36.9781
37.5713
37.9668
38.2634
37.9668
36.8792
37.0770
37.1758
35.3961
35.2973
35.9894
36.6815
36.7803
35.1984
35.5939
32.7266
32.2322
33.5176
34.0119
34.3085
33.4187
32.3311
33.3198
29.9582
25.9044
26.7943
24.5202
24.7180
25.6078
27.1898
30.7492
27.3875
28.0796
28.9695
29.0683
29.4638
29.4638
29.6616
29.4638
29.8593
29.3650
32.0345
33.2210
33.6164
35.2973
35.0007
34.6052
34.5063
32.8749
33.8636
35.5939
36.0882
38.5600
38.8072
37.5713
38.5600
39.0544
38.5600
38.3129
38.3129
37.8185
37.5713
38.8072
39.3016
38.0657
37.8185
37.5713
36.8298
37.5713
38.5600
38.8072
38.8072
38.3129
38.0657
37.5713
36.5826
37.3241
37.3241
38.5600
37.5713
38.3129
37.5713
36.8298
37.3241
37.0770
36.8298
35.3467
35.8411
36.5826
36.5826
35.8411
35.5939
35.8411
34.8523
35.0995
37.0770
36.8298
37.3241
37.3241
37.3241
38.3129
38.0657
38.0657
38.5600
37.3241
37.5713
37.0770
36.8298
36.0882
37.0770
37.0770
37.5713
36.5826
33.8636
34.1108
33.6164
33.1221
33.3693
32.8749
33.8636
33.8636
33.5000
33.2500
33.2500
33.7500
32.7500
32.5000
32.0000
32.0000
31.5000
31.2500
31.0000
31.7500
31.2500
31.5000
33.5000
32.7500
31.5000
32.0000
32.0000
31.7500
31.2500
31.7500
31.7500
31.5000
31.2500
31.7500
31.7500
31.5000
31.5000
31.2500
31.5000
30.7500
29.2500
29.7500
30.7500
31.0000
30.5000
31.0000
30.5000
30.5000
30.2500
30.7500
31.7500
31.2500
31.5000
31.0000
30.5000
30.2500
30.0000
29.7500
29.5000
28.5000
28.0000
28.0000
28.5000
28.7500
28.5000
28.7500
29.5000
29.0000
31.2500
32.2500
33.7500
33.7500
34.7500
34.5000
35.7500
34.7500
34.7500
36.0000
36.0000
36.0000
37.0000
35.7500
36.0000
36.7500
36.2500
35.0000
34.5000
35.2500
35.5000
35.2500
35.5000
36.0000
35.5000
35.7500
35.2500
35.5000
35.7500
33.2500
34.0000
33.5000
34.7500
34.5000
35.0000
35.0000
34.2500
35.5000
37.2500
36.0000
36.2500
37.0000
36.5000
37.0000
37.0000
35.7500
35.2500
35.0000
35.5000
34.5000
34.2500
33.7500
33.7500
34.0000
33.5000
33.0000
33.5000
33.2500
34.0000
33.7500
33.2500
32.7500
33.0000
33.5000
35.2500
35.0000
34.7500
34.7500
34.5000
34.5000
34.0000
33.5000
34.2500
34.2500
33.2500
33.2500
34.2500
34.7500
34.5000
33.7500
33.2500
33.7500
33.7500
33.5000
34.2500
33.7500
33.7500
33.7500
33.7500
33.5000
33.5000
33.2500
33.5000
33.7500
33.5000
33.5000
33.0000
33.5000
33.7500
33.5000
33.2500
33.2500
33.0000
33.2500
33.0000
32.7500
32.2500
34.2500
35.0000
34.2500
33.7500
33.7500
33.7500
34.2500
34.5000
34.5000
33.7500
33.5000
34.0000
34.0000
34.0000
33.7500
32.7500
32.7500
32.7500
32.7500
32.7500
32.7500
32.7500
32.7500
33.0000
34.0000
33.7500
33.7500
34.0000
35.0000
34.5000
34.0000
34.2500
34.7500
34.7500
34.5000
34.0000
34.2500
34.0000
33.7500
34.7500
34.5000
33.7500
33.5000
34.0000
33.5000
33.5000
34.2500
34.2500
34.2500
33.7500
34.0000
34.0000
34.0000
33.2500
33.2500
33.0000
33.5000
33.5000
33.2500
33.5000
33.0000
33.5000
33.7500
33.7500
33.5000
33.7500
33.7500
33.5000
33.5000
33.7500
36.0000
35.2500
37.2500
38.2500
37.7500
37.7500
37.7500
37.5000
37.7500
38.5000
37.7500
38.7500
38.7500
37.5000
38.2500
38.2500
38.2500
40.0000
41.7500
41.5000
41.2500
42.5000
41.7500
42.0000
41.7500
41.0000
41.2500
41.2500
40.5000
40.7500
40.7500
40.5000
39.7500
40.7500
41.2500
41.5000
41.2500
40.7500
41.0000
41.5000
43.2500
43.2500
44.5000
43.7500
44.5000
44.5000
43.5000
43.5000
43.7500
42.7500
42.7500
42.5000
42.5000
42.5000
42.5000
43.2500
42.7500
44.0000
43.2500
43.0000
43.0000
42.2500
42.7500
42.7500
41.7500
42.0000
41.5000
41.7500
41.7500
41.2500
41.5000
40.7500
41.0000
41.2500
42.0000
41.7500
41.7500
41.7500
40.7500
40.0000
39.2500
40.0000
40.0000
40.0000
40.5000
40.5000
40.7500
41.0000
40.7500
41.0000
42.7500
43.0000
43.0000
43.2500
43.5000
44.0000
43.7500
44.0000
44.0000
44.0000
45.7500
47.5000
47.2500
46.5000
46.2500
46.5000
46.5000
49.5000
49.0000
50.2500
52.0000
50.5000
50.7500
50.5000
50.0000
50.2500
50.2500
49.7500
49.2500
49.0000
49.0000
50.5000
50.5000
50.0000
51.0000
50.0000
50.0000
51.0000
50.5000
50.5000
50.0000
51.5000
51.5000
52.0000
50.7500
50.5000
50.7500
49.7500
50.0000
50.5000
51.0000
50.2500
50.5000
49.7500
46.5000
47.0000
47.7500
48.2500
47.7500
48.2500
47.7500
48.7500
49.7500
49.5000
49.2500
49.2500
49.0000
49.0000
49.0000
49.0000
50.0000
51.2500
51.2500
51.2500
51.5000
50.5000
49.7500
50.0000
49.0000
49.2500
49.5000
49.5000
49.7500
49.7500
49.5000
48.7500
48.2500
48.0000
48.5000
48.7500
48.2500
47.7500
47.2500
45.7500
46.2500
46.2500
45.7500
45.7500
46.7500
47.0000
46.0000
46.5000
47.2500
47.0000
47.2500
47.5000
47.7500
48.2500
48.5000
48.7500
47.7500
47.5000
47.0000
47.2500
47.2500
48.0000
46.7500
46.5000
46.2500
45.2500
46.5000
46.7500
47.5000
47.0000
46.7500
47.2500
47.7500
48.0000
47.5000
46.5000
46.7500
46.7500
46.5000
46.7500
47.2500
47.2500
48.0000
47.7500
48.0000
48.0000
48.2500
46.7500
46.7500
46.7500
46.7500
47.0000
47.0000
47.2500
47.2500
47.7500
48.2500
49.0000
48.7500
49.7500
49.7500
50.0000
50.0000
50.0000
49.5000
49.7500
49.7500
49.2500
49.2500
49.5000
49.2500
49.7500
51.5000
50.2500
50.5000
51.2500
50.7500
51.5000
51.0000
56.0000
56.0000
55.5000
56.5000
55.7500
56.0000
55.2500
54.7500
54.0000
54.2500
53.5000
53.0000
54.0000
53.2500
53.0000
53.0000
52.7500
52.2500
52.5000
50.5000
51.0000
50.0000
49.7500
49.2500
49.0000
48.5000
48.5000
48.5000
50.0000
50.0000
50.0000
50.0000
50.2500
50.7500
51.0000
50.7500
50.5000
51.5000
51.7500
51.0000
50.7500
50.5000
52.0000
51.2500
50.7500
52.7500
51.5000
52.0000
50.5000
50.7500
50.5000
50.7500
51.0000
51.5000
52.5000
52.0000
52.0000
52.0000
53.0000
53.2500
53.2500
54.0000
53.2500
53.5000
54.0000
53.5000
53.7500
53.5000
54.2500
54.2500
53.5000
53.0000
53.0000
53.2500
53.7500
54.2500
54.2500
55.5000
55.2500
55.0000
55.2500
55.5000
55.5000
55.5000
55.0000
55.2500
54.0000
54.0000
54.2500
54.0000
53.7500
54.0000
54.0000
53.5000
54.0000
54.5000
54.0000
54.2500
54.0000
53.7500
54.5000
53.7500
54.0000
53.7500
54.0000
53.5000
53.2500
53.7500
54.5000
54.0000
54.2500
54.0000
54.2500
54.0000
54.5000
54.2500
53.2500
52.2500
52.2500
52.5000
51.2500
50.2500
50.2500
51.0000
50.5000
51.5000
51.5000
50.7500
48.7500
50.2500
50.7500
50.7500
51.2500
52.7500
52.5000
52.7500
53.2500
53.0000
53.5000
53.5000
53.0000
52.7500
53.2500
53.0000
52.7500
52.7500
54.0000
54.2500
54.0000
54.2500
53.7500
53.0000
51.5000
51.2500
51.0000
50.5000
50.7500
50.5000
50.7500
51.0000
51.5000
53.2500
53.2500
52.5000
52.5000
52.5000
48.0000
47.7500
48.0000
48.0000
47.5000
48.2500
48.5000
48.2500
48.0000
48.5000
49.2500
48.7500
48.7500
47.0000
47.0000
45.2500
45.7500
47.2500
47.0000
46.2500
46.7500
46.5000
45.7500
46.7500
46.2500
46.2500
45.0000
43.5000
44.5000
43.7500
43.2500
44.2500
44.7500
46.7500
46.7500
47.0000
45.7500
46.0000
45.5000
45.5000
45.5000
47.2500
47.5000
48.2500
48.7500
49.0000
49.0000
48.5000
48.7500
48.7500
48.5000
48.5000
50.0000
49.7500
49.7500
48.7500
48.5000
49.2500
48.2500
49.0000
49.0000
48.5000
47.7500
48.2500
48.2500
48.0000
49.0000
50.0000
50.5000
50.5000
50.2500
49.5000
49.0000
48.7500
48.0000
47.7500
46.2500
46.5000
46.0000
46.7500
46.7500
46.7500
46.7500
46.2500
46.5000
46.7500
46.0000
45.7500
45.7500
46.7500
46.5000
45.2500
44.0000
45.0000
44.5000
45.5000
45.5000
44.2500
45.0000
45.0000
43.0000
43.0000
43.2500
44.5000
44.0000
43.2500
43.2500
44.0000
43.0000
42.0000
43.0000
42.7500
42.7500
43.0000
43.2500
43.2500
44.0000
45.0000
45.2500
45.0000
44.7500
44.7500
44.7500
44.7500
45.0000
44.5000
45.7500
46.7500
46.5000
46.7500
46.7500
45.7500
45.5000
45.0000
45.2500
46.0000
46.2500
46.0000
45.5000
45.7500
46.0000
45.5000
45.5000
44.7500
44.7500
45.2500
46.5000
45.7500
45.2500
45.5000
45.5000
44.7500
44.5000
44.2500
44.2500
44.5000
45.0000
45.0000
45.2500
44.7500
44.2500
44.0000
45.0000
44.5000
45.0000
45.2500
45.7500
45.2500
44.7500
45.2500
44.5000
43.7500
44.0000
43.7500
43.5000
43.5000
43.7500
43.5000
43.0000
43.7500
43.5000
43.7500
44.0000
44.0000
43.7500
43.5000
43.7500
43.5000
43.0000
43.2500
43.7500
44.5000
44.7500
45.0000
45.0000
44.5000
43.7500
43.0000
42.7500
42.0000
42.5000
42.7500
43.0000
44.7500
45.0000
45.2500
44.7500
45.2500
45.5000
45.0000
44.7500
44.5000
45.0000
44.7500
44.5000
44.2500
43.5000
43.7500
43.7500
43.7500
43.2500
42.7500
