8.25
8.20
8.20
8.25
8.10
8.10
8.45
8.50
8.35
8.30
8.15
8.15
8.05
7.90
8.10
8.05
8.20
8.20
8.15
8.15
8.30
8.50
8.55
8.80
8.90
8.95
8.95
9.00
8.90
8.90
8.65
8.80
8.95
8.85
8.75
8.90
9.00
9.00
9.10
9.10
9.10
8.90
8.85
9.00
9.10
9.10
9.50
9.50
9.75
9.50
9.75
9.80
9.90
9.80
9.85
9.90
9.65
9.45
9.40
9.55
9.65
9.75
9.60
9.70
9.75
9.70
9.80
9.60
9.60
9.75
9.95
9.90
10.00
10.10
9.95
10.10
10.40
10.70
11.00
11.50
11.20
10.80
11.00
10.60
10.80
10.60
11.00
11.00
10.90
11.00
11.10
11.30
11.10
10.90
10.80
10.90
10.80
10.50
9.95
10.10
10.00
9.50
9.60
9.05
9.40
9.70
9.70
9.90
10.20
9.90
9.85
10.20
10.10
10.40
10.20
9.90
10.30
10.00
10.20
10.50
10.30
10.30
10.10
9.50
9.30
9.15
9.50
10.00
9.80
9.95
10.20
10.00
10.10
10.10
10.30
10.40
10.10
10.10
10.20
10.10
10.00
9.95
10.10
10.10
9.95
9.90
9.75
9.60
9.55
9.30
9.40
9.75
9.80
10.10
10.10
9.90
9.95
10.10
10.30
10.30
10.40
10.20
10.20
10.10
10.20
10.20
10.20
10.20
10.10
10.00
10.00
10.20
9.95
9.90
10.00
10.10
10.00
10.10
10.20
10.20
10.10
10.10
9.95
10.00
10.20
10.10
10.30
10.60
10.40
10.40
10.40
10.10
10.10
10.30
10.40
10.40
10.20
10.40
10.10
9.95
9.95
10.00
9.95
10.00
9.90
9.80
10.00
9.85
9.80
9.70
9.50
9.75
9.75
9.60
9.50
9.65
9.75
9.75
9.85
9.75
9.85
9.90
9.75
9.70
9.60
9.60
9.65
9.45
9.60
9.55
9.40
9.45
9.50
9.65
9.60
9.75
9.55
9.55
9.70
9.70
9.60
9.65
9.65
9.75
9.75
9.65
9.60
9.55
9.55
9.40
9.45
9.45
9.50
9.60
9.50
9.55
9.65
9.65
9.70
9.75
9.70
9.95
9.80
9.90
9.75
9.80
9.70
9.55
9.50
9.50
9.40
9.55
9.55
9.65
9.70
9.70
9.75
9.75
9.75
9.90
9.85
9.70
9.65
9.75
9.75
9.70
9.65
9.50
9.65
9.55
9.60
9.60
9.60
9.65
9.65
9.55
9.55
9.55
9.55
9.55
9.60
9.60
9.55
9.50
9.55
9.65
9.60
9.55
9.40
9.40
9.35
9.25
9.35
9.35
9.45
9.50
9.50
9.70
9.90
9.85
9.90
9.90
10.00
9.80
9.75
9.75
9.70
9.65
9.75
9.75
9.85
9.85
9.85
9.80
9.85
9.80
9.75
9.75
9.75
9.80
10.00
10.10
10.00
10.00
10.10
10.20
10.20
10.50
10.30
10.50
11.00
11.00
11.20
11.00
11.00
11.10
11.00
10.90
10.90
11.10
11.30
11.40
11.30
12.20
12.10
12.10
11.90
11.90
11.90
12.10
12.00
12.10
12.00
12.50
12.50
12.20
11.90
12.40
13.00
13.20
13.30
13.00
12.80
12.80
12.80
12.30
13.10
13.10
13.00
13.20
12.70
12.60
12.90
13.00
13.00
13.30
13.30
13.50
13.40
13.20
13.00
13.10
13.20
12.90
12.60
12.70
12.50
12.40
12.30
12.30
12.30
12.20
12.80
13.00
13.10
13.10
12.90
13.10
13.00
13.00
13.20
13.40
13.10
12.80
13.10
13.00
13.00
13.30
14.00
13.60
13.60
14.10
14.20
14.40
14.60
14.30
14.10
14.20
14.50
15.00
14.50
14.40
14.40
14.20
14.20
14.20
14.20
13.80
14.00
13.90
13.90
14.00
14.00
13.70
13.90
14.00
14.20
14.30
14.20
14.10
14.40
14.60
14.40
14.50
14.40
14.00
14.20
14.20
14.10
14.00
14.20
14.50
14.40
14.60
14.50
14.50
14.30
14.00
14.10
14.20
14.00
14.10
13.90
13.90
13.90
14.20
14.00
14.00
14.20
14.10
14.40
14.50
14.60
14.40
14.10
14.20
14.30
15.00
15.40
14.70
14.80
14.30
14.70
15.00
14.90
14.70
14.60
14.60
14.30
13.90
13.90
14.40
14.30
14.20
14.40
14.30
14.20
14.40
14.30
14.40
14.50
14.70
14.90
14.90
14.60
14.60
13.80
14.10
14.30
14.20
14.30
14.30
14.60
14.50
14.40
14.60
14.20
13.90
13.80
13.60
13.50
13.40
13.60
13.30
13.20
13.40
13.80
14.20
14.00
14.00
14.00
14.00
14.30
14.20
14.40
14.40
14.00
14.20
14.30
14.30
14.30
14.30
14.30
14.60
14.50
14.70
14.70
14.60
14.40
14.20
14.20
14.60
14.70
14.40
14.60
14.20
14.60
14.30
14.30
14.50
14.40
14.40
14.40
14.40
14.80
14.90
14.70
14.60
14.70
14.50
14.40
14.50
14.60
14.70
14.60
14.70
14.70
14.60
14.60
15.00
15.30
15.40
15.80
15.60
15.50
15.80
15.90
15.80
15.50
15.10
15.20
15.20
14.90
15.10
15.20
15.20
14.90
14.90
14.80
14.90
14.90
14.70
15.00
14.90
14.50
14.50
14.50
14.40
14.90
14.70
14.90
14.90
14.70
14.90
15.10
14.90
14.80
14.80
15.00
14.90
14.90
15.00
14.70
14.90
14.90
14.90
15.00
15.20
15.20
15.30
15.20
15.40
15.60
15.20
15.40
14.90
14.90
15.10
15.40
15.10
15.00
15.40
15.40
15.40
15.30
15.00
15.00
14.90
15.20
15.10
14.90
14.80
15.00
14.90
14.90
14.70
15.10
15.00
15.00
14.70
15.00
15.00
14.80
14.90
14.90
15.10
15.10
15.50
15.40
15.40
15.60
15.20
15.30
15.30
15.30
15.30
15.20
15.30
15.20
15.30
15.20
15.10
15.20
15.20
15.00
15.30
15.30
15.30
15.10
15.00
15.00
15.30
15.30
15.20
15.20
15.10
15.20
15.40
15.60
15.20
15.20
15.10
15.10
15.00
15.10
15.30
15.00
15.00
15.00
15.20
15.30
15.20
15.20
15.20
15.30
15.20
15.10
15.20
15.30
15.20
15.40
15.50
15.30
15.50
15.50
15.60
15.80
15.60
15.80
15.70
15.90
15.80
15.80
15.80
16.10
16.00
16.00
16.00
15.90
16.00
16.20
16.50
16.80
16.50
16.50
16.50
17.00
16.70
16.80
16.90
17.10
17.00
17.10
17.00
16.90
17.30
17.30
17.60
17.60
17.50
17.50
17.70
17.90
18.00
17.50
17.60
17.80
17.70
17.50
17.70
17.70
17.80
17.60
17.50
17.40
17.60
17.80
17.60
17.30
17.20
17.10
17.10
17.60
17.30
17.40
17.40
17.30
17.20
17.10
17.20
17.10
16.90
16.60
17.30
17.10
17.50
17.40
17.10
17.10
16.80
17.30
17.10
17.20
17.30
17.50
17.60
17.50
17.30
17.30
17.80
18.00
17.90
17.80
18.60
18.10
18.50
18.60
18.30
18.30
17.60
17.40
17.80
17.60
17.40
17.10
17.30
16.90
17.00
16.70
16.90
17.00
17.10
16.70
16.60
16.50
16.60
16.90
16.60
16.70
16.70
16.90
16.60
16.80
16.80
16.80
16.20
16.30
16.50
16.20
16.30
17.30
17.30
17.20
17.40
17.30
17.30
17.00
17.10
16.70
16.70
16.80
16.90
17.00
17.10
17.00
17.00
17.00
16.70
16.70
16.60
16.60
16.70
16.60
16.50
16.30
16.10
16.20
16.20
16.20
16.50
16.70
16.90
16.80
16.40
15.90
15.80
15.70
15.80
15.90
15.90
16.00
16.10
16.00
15.90
16.10
16.00
16.00
15.80
16.10
16.30
16.50
16.30
15.80
16.00
16.20
16.10
16.10
15.90
15.70
15.40
14.70
15.00
15.10
15.00
14.60
14.20
14.60
15.00
15.10
15.00
14.60
14.70
14.40
14.50
14.60
14.20
14.10
13.90
13.60
12.90
12.90
12.10
12.90
12.80
13.10
13.70
14.00
14.40
13.90
13.40
13.80
13.90
11.80
12.10
11.20
11.20
11.30
10.60
11.40
9.70
9.35
10.60
10.80
10.90
10.80
11.10
10.70
11.00
10.80
12.20
12.40
12.30
12.60
13.60
13.40
12.90
12.50
13.50
13.70
13.40
13.10
13.60
13.10
13.50
14.00
13.60
13.60
13.60
13.10
13.30
13.90
13.70
14.00
14.00
14.20
15.00
14.60
14.80
14.40
14.30
14.40
14.60
14.60
14.50
14.80
14.80
15.10
15.80
15.50
15.50
15.50
16.10
16.30
16.00
15.40
15.80
16.20
16.20
16.00
15.70
15.70
15.40
15.20
15.20
15.00
15.40
15.50
16.30
16.00
15.80
15.60
15.90
15.90
15.80
15.60
15.60
15.20
15.70
15.50
15.70
15.40
15.60
15.10
15.40
15.20
15.60
15.40
15.50
16.00
16.10
15.80
15.70
15.80
15.10
15.30
15.30
15.60
15.30
15.40
15.50
15.60
15.50
15.40
15.20
15.10
14.90
15.10
14.70
14.90
14.90
14.70
14.50
14.40
13.90
14.70
14.60
14.20
14.50
14.30
14.40
14.20
14.10
14.10
14.40
14.50
14.40
14.10
14.50
14.40
14.30
14.80
15.10
15.20
15.10
14.80
14.20
14.00
13.10
13.40
13.50
13.60
13.50
14.10
14.30
14.00
14.00
14.10
14.20
13.70
14.10
14.20
14.40
14.90
15.20
14.80
15.00
15.00
15.00
15.20
15.00
15.40
15.50
15.60
15.20
15.10
15.10
14.70
14.90
14.70
14.90
14.90
14.70
14.50
14.50
14.10
14.30
14.30
14.50
13.60
13.70
13.40
13.60
13.70
13.50
13.80
13.70
13.90
14.00
13.50
13.60
13.80
13.50
13.70
13.80
13.80
13.80
13.70
13.90
14.10
14.00
14.00
14.30
14.50
14.10
13.60
13.70
13.60
13.60
13.50
13.30
13.60
13.70
13.40
13.50
13.50
13.40
13.60
13.30
13.40
13.40
13.40
13.20
13.20
13.30
13.40
13.60
14.10
13.90
13.90
14.00
14.60
14.60
14.60
14.30
14.60
14.50
14.50
14.40
14.40
14.80
14.80
14.70
14.60
14.60
14.80
15.00
14.80
14.80
14.90
14.50
14.50
14.40
14.40
14.10
14.00
14.30
14.40
14.10
14.00
13.80
13.70
13.90
13.90
14.00
14.10
13.70
14.00
13.90
14.10
13.90
13.70
13.60
13.50
13.40
13.70
13.90
13.70
13.60
13.80
13.50
14.00
13.80
13.90
14.10
13.90
14.10
14.40
14.70
14.70
14.50
14.70
14.60
14.50
14.40
14.40
14.70
14.60
15.00
14.80
14.80
14.60
14.50
14.40
14.40
14.60
14.70
14.80
15.00
14.70
14.20
13.90
13.90
14.10
14.10
13.80
14.00
13.90
13.90
13.80
13.80
13.70
13.50
13.20
13.30
13.40
13.50
13.40
13.00
12.80
12.60
12.80
12.70
12.70
12.70
12.80
13.10
13.10
13.40
13.80
13.90
13.80
13.90
13.90
14.30
14.30
14.10
14.10
14.10
14.00
13.90
13.90
13.80
13.70
14.10
14.10
14.10
13.90
13.90
13.90
13.90
14.00
14.00
13.80
13.50
13.60
13.60
13.60
13.50
13.50
13.40
13.80
14.50
14.20
14.30
14.30
14.20
14.10
14.20
14.40
14.40
14.30
14.50
14.70
14.60
14.60
14.60
14.70
14.90
15.30
15.20
15.10
15.20
15.10
15.10
15.20
15.00
15.30
15.10
15.10
14.80
14.70
14.80
14.60
14.70
14.30
13.90
13.60
14.00
14.00
14.00
14.60
14.50
14.40
14.60
14.60
14.50
14.50
14.70
14.20
14.30
14.60
14.60
14.40
14.30
14.50
14.60
14.50
14.80
14.50
14.30
14.10
14.30
14.60
14.40
14.30
14.20
14.30
14.20
14.10
14.10
14.10
14.00
14.00
14.10
14.00
14.00
14.10
14.20
14.30
14.30
14.10
14.00
14.20
14.50
14.80
14.90
14.80
14.90
15.10
15.10
15.50
15.30
15.50
15.10
15.20
15.20
15.80
16.10
16.30
16.00
15.70
16.20
16.20
16.40
16.50
16.30
16.20
16.30
16.40
15.70
15.70
15.80
15.70
15.80
15.60
15.60
15.80
16.00
15.90
16.10
16.00
16.20
16.10
16.40
16.30
16.30
16.10
16.10
15.80
15.70
15.40
15.20
15.10
15.20
15.20
15.00
14.70
14.60
14.50
14.40
14.80
14.70
14.50
14.60
14.70
14.70
14.60
14.70
14.80
14.60
14.50
14.60
14.50
14.60
14.90
14.60
14.50
14.40
14.00
14.00
14.10
14.00
13.80
13.70
13.50
13.10
13.30
13.30
13.20
12.90
13.00
13.00
13.10
13.10
13.10
12.70
12.70
12.70
12.60
12.60
12.90
13.00
12.90
12.70
12.70
12.90
12.90
12.80
12.90
13.00
13.20
13.30
13.50
13.30
13.40
13.50
13.30
13.40
13.50
13.70
13.80
13.70
13.60
13.80
14.00
14.10
14.10
14.00
13.90
14.00
13.80
13.80
13.90
13.60
13.80
13.90
13.80
13.80
13.70
13.90
13.80
13.90
14.00
14.30
14.20
14.10
14.00
13.80
13.60
13.80
13.60
13.70
13.50
13.40
13.50
13.70
13.40
13.50
13.20
13.50
13.60
13.60
13.60
13.30
13.30
13.50
13.50
13.90
13.90
13.90
14.00
14.20
14.10
14.50
14.50
14.60
14.60
14.50
14.40
14.40
14.30
14.50
14.50
14.50
14.80
14.40
14.70
14.60
14.80
14.80
14.80
14.70
14.70
14.50
14.40
14.30
14.50
14.70
15.00
14.80
14.60
14.60
14.60
14.40
14.80
14.80
14.80
15.00
15.20
15.00
15.10
15.20
15.30
15.20
15.30
15.50
15.80
15.50
15.60
15.70
15.70
15.70
15.80
15.80
15.50
15.50
15.40
15.20
14.70
14.90
14.80
14.70
14.50
14.50
14.40
14.60
14.70
14.60
14.30
14.70
14.40
14.90
14.70
14.70
14.60
14.70
14.90
14.80
14.80
14.80
14.80
14.70
14.80
15.10
15.00
15.00
14.50
14.30
14.00
13.70
13.80
13.90
14.20
14.20
14.30
14.00
14.20
13.70
14.00
14.20
14.40
14.20
14.10
14.20
14.30
14.30
14.40
14.40
14.50
14.20
14.40
14.40
14.30
14.40
14.40
14.40
14.30
14.30
14.30
14.20
14.00
13.50
13.50
13.70
13.60
13.70
13.90
14.00
14.10
14.20
14.50
14.50
14.60
14.70
14.50
14.50
14.50
14.10
14.10
14.10
14.20
14.20
14.20
14.10
14.00
14.10
14.00
13.80
13.90
13.80
13.50
13.40
13.70
13.80
13.90
14.10
13.90
13.90
13.90
13.80
14.00
14.00
13.90
13.90
13.90
13.90
13.80
13.70
14.00
14.00
14.20
14.10
13.90
13.80
13.80
13.70
13.70
13.70
13.90
13.90
13.90
14.00
14.00
14.00
14.10
14.00
14.00
14.10
14.20
14.00
13.70
13.70
13.70
13.30
13.70
13.60
13.70
13.50
13.60
13.50
13.50
13.50
13.70
13.80
13.80
13.80
13.70
13.70
13.80
13.70
13.60
13.50
13.60
13.60
13.60
13.60
13.50
13.40
13.50
13.40
13.40
13.30
13.10
13.00
12.90
12.90
12.70
12.70
12.70
12.40
12.50
12.70
12.30
12.30
12.30
12.30
12.30
12.20
12.30
12.20
12.30
12.30
12.40
12.10
12.00
11.70
11.80
11.60
11.60
12.00
11.90
11.60
11.60
11.80
11.90
11.90
11.90
11.80
12.10
12.20
12.10
12.30
12.30
12.20
12.30
12.30
12.20
12.00
11.90
12.00
12.10
11.90
11.80
11.80
11.70
12.00
12.10
12.00
12.00
11.90
11.90
12.00
11.80
11.70
11.80
11.80
11.80
11.80
11.70
11.60
11.70
12.20
12.10
12.20
12.10
12.10
11.90
11.90
11.80
11.90
11.80
11.80
11.20
10.70
10.80
10.60
10.60
10.80
10.80
10.50
10.80
10.60
10.50
10.40
10.70
10.30
10.90
11.10
10.90
10.90
11.00
10.90
10.90
10.90
10.90
10.90
10.80
10.90
11.00
11.00
10.90
11.20
11.20
10.90
11.00
11.00
11.20
11.20
11.20
11.20
11.10
11.00
11.10
11.10
11.00
10.80
10.80
11.00
10.90
10.70
10.70
10.90
10.70
10.60
10.60
10.70
10.50
