58.67
54.25
51.31
52.04
50.82
51.31
51.80
52.29
52.04
52.29
51.80
51.80
52.04
51.55
51.55
51.80
51.55
51.55
50.08
50.32
50.08
49.59
49.59
49.10
52.78
52.53
52.04
51.55
51.06
51.55
52.29
53.27
54.01
54.99
54.50
54.50
54.50
55.48
54.99
55.72
54.25
54.01
53.76
54.50
54.01
52.78
52.78
52.78
52.78
52.78
53.76
53.52
53.27
53.27
53.27
53.27
53.27
53.02
53.02
53.76
54.01
56.46
56.95
56.46
56.95
56.95
58.92
58.43
58.43
58.43
57.93
58.43
58.67
58.92
58.43
57.44
58.18
58.18
58.92
60.88
61.37
61.37
61.62
62.35
61.13
60.88
60.63
60.39
57.44
57.44
58.18
57.20
56.71
55.48
54.99
55.23
54.99
54.99
54.01
54.01
53.52
53.02
52.29
51.31
52.29
52.29
53.52
54.25
54.74
53.76
53.76
54.01
53.27
53.02
53.27
53.02
53.27
53.02
53.52
54.01
53.52
53.27
53.02
51.80
51.31
49.83
50.32
52.78
52.78
52.29
52.78
52.53
53.02
53.02
52.53
52.53
52.29
52.04
52.29
52.04
52.29
51.80
51.55
52.04
51.55
51.55
51.06
50.32
50.32
49.83
49.34
49.59
49.10
49.10
49.10
48.85
49.10
48.85
48.85
48.85
48.85
48.85
49.10
49.10
49.59
49.34
49.34
49.10
49.34
49.10
49.10
48.85
48.61
48.36
48.11
48.36
48.36
48.11
48.85
48.85
49.83
50.82
50.57
50.08
50.82
51.06
50.82
51.06
51.06
51.31
51.06
50.82
51.06
51.31
51.55
53.02
52.78
53.52
53.27
52.53
53.02
52.78
52.29
52.53
52.78
54.25
54.50
54.50
54.25
54.01
54.01
54.25
54.25
53.52
53.52
53.76
53.76
53.02
52.04
53.27
53.02
53.02
52.78
52.78
52.78
52.04
52.29
52.53
52.78
53.02
54.01
54.25
54.25
54.25
53.76
54.01
54.50
54.50
54.74
54.74
54.99
54.74
54.25
54.01
54.01
53.02
53.02
53.02
53.52
52.78
52.78
52.78
52.53
52.53
52.29
51.55
51.06
52.04
52.53
53.27
53.52
53.27
53.52
53.27
53.52
53.76
53.27
53.27
54.01
54.25
54.01
54.01
54.01
53.76
53.76
53.76
54.01
53.76
53.76
52.78
52.53
53.02
53.02
53.76
53.76
54.74
54.50
54.01
54.50
54.50
54.50
54.74
54.99
54.99
56.46
57.44
56.71
56.95
56.46
55.97
55.48
55.97
56.71
56.71
55.48
56.22
56.46
56.95
58.43
57.93
58.67
58.18
57.69
58.92
58.18
58.18
58.92
59.41
58.92
58.92
58.67
58.92
57.69
58.43
58.18
57.69
57.20
57.20
56.95
55.97
55.97
54.50
54.25
54.25
54.25
54.01
54.50
54.50
54.74
55.72
56.71
56.46
55.72
56.71
56.46
56.71
56.22
56.95
57.93
57.69
57.44
57.44
58.18
58.18
57.93
57.93
57.44
58.18
57.93
57.69
57.20
57.20
56.95
56.46
56.46
56.22
55.97
56.46
56.46
56.71
57.93
57.69
57.93
58.92
58.67
57.69
56.95
56.95
57.44
57.69
56.95
56.95
56.95
56.46
55.48
54.99
55.23
55.72
55.48
54.99
54.25
54.25
54.50
54.01
54.25
54.50
54.25
53.52
53.76
53.27
53.27
53.52
53.52
53.27
53.27
53.27
52.53
53.27
53.76
54.01
53.76
54.99
54.50
54.01
54.50
54.25
54.25
54.50
54.50
54.74
54.74
54.25
54.99
55.23
56.71
56.46
56.46
56.46
56.71
56.71
56.95
56.95
57.20
57.20
56.71
56.71
56.95
57.20
57.69
57.20
56.71
56.71
56.95
56.95
56.46
56.71
56.71
56.71
55.72
54.99
55.23
54.50
55.72
56.22
56.71
57.20
56.95
56.46
56.22
56.71
55.72
56.22
56.46
56.46
55.97
55.97
55.97
56.22
55.72
55.97
56.95
57.69
57.44
56.95
56.95
57.69
57.93
58.18
58.18
57.20
56.95
57.69
56.71
56.95
56.95
56.95
56.95
56.46
55.97
56.22
55.48
56.46
56.22
55.97
55.97
55.97
55.72
56.22
55.72
55.72
55.97
55.97
56.22
56.46
56.22
55.48
54.99
54.99
54.50
54.01
53.76
54.99
55.23
54.99
54.25
53.02
53.52
54.01
54.50
54.25
54.01
54.01
54.01
53.76
54.25
53.52
53.52
54.25
54.50
54.50
54.25
53.76
53.52
53.27
52.53
53.02
53.76
52.29
52.78
52.29
52.29
51.80
51.55
52.29
51.55
52.29
53.52
52.78
53.27
53.76
54.01
54.01
54.25
53.76
54.25
54.01
53.76
53.76
53.76
54.01
54.25
54.25
54.25
54.99
54.74
55.23
55.72
54.99
54.99
54.99
55.23
55.72
55.48
55.23
55.23
54.74
53.76
53.52
54.01
53.52
53.76
54.25
54.25
54.99
54.99
55.23
54.50
54.50
54.50
54.25
53.76
53.76
53.52
53.76
53.76
53.76
54.25
54.01
54.25
54.74
54.99
55.23
54.50
54.01
53.76
53.76
53.52
53.02
52.53
52.78
53.02
53.02
52.78
52.29
52.29
52.78
51.80
51.55
52.04
51.80
51.80
51.55
51.55
51.06
51.55
51.31
51.80
51.31
52.04
52.53
51.06
50.08
50.08
50.08
50.08
49.59
49.34
49.59
49.59
48.61
48.36
49.34
48.36
48.85
48.85
49.10
49.34
49.59
50.32
48.85
48.61
49.34
48.85
48.61
48.11
47.87
47.87
47.13
46.89
46.40
45.66
46.64
46.64
46.15
46.15
45.66
46.15
46.15
46.89
47.38
46.89
47.87
48.11
48.61
48.11
47.62
46.40
46.15
46.64
47.13
46.64
46.64
46.89
46.40
51.06
51.06
52.04
52.53
52.29
53.02
53.27
53.27
53.27
53.27
54.01
54.50
55.97
53.27
53.27
54.25
54.50
54.01
53.52
53.27
53.52
54.01
54.25
54.50
54.25
54.50
54.25
54.25
54.50
54.50
54.25
53.27
54.01
54.50
55.23
54.99
54.50
54.25
54.74
54.74
55.97
56.46
55.97
56.46
56.22
56.71
56.46
56.95
57.20
56.95
56.71
56.71
57.44
57.69
57.69
57.93
58.43
58.18
58.43
57.69
57.93
58.67
58.18
57.69
57.93
58.43
58.18
57.44
56.71
57.44
56.71
57.69
57.93
57.69
56.95
55.97
55.97
57.44
56.95
56.95
56.22
55.48
55.72
55.72
56.22
56.71
57.44
56.95
57.20
57.20
57.20
57.69
58.43
58.43
58.43
58.18
58.43
58.43
59.16
58.92
59.90
60.39
60.39
61.62
61.62
61.13
60.88
61.86
61.13
61.37
61.86
61.62
62.35
62.60
61.62
62.35
62.84
62.84
63.33
63.09
63.09
63.09
63.09
62.35
61.62
62.60
62.35
62.35
59.90
62.60
64.07
63.33
62.11
61.86
63.33
60.14
61.13
60.14
60.14
60.63
62.11
63.58
63.33
62.35
63.09
62.35
62.84
62.84
64.07
65.79
66.28
66.04
66.77
65.30
63.58
62.60
63.58
64.07
66.04
66.28
65.30
66.53
62.60
63.83
63.58
63.83
63.83
64.32
63.83
63.33
63.83
64.07
64.07
64.32
64.56
64.56
65.30
66.28
67.51
67.02
67.02
67.02
66.77
66.28
65.79
66.28
67.26
67.02
64.81
63.09
64.56
66.28
65.30
66.53
66.28
65.54
66.04
65.79
64.81
64.56
64.56
62.84
62.11
60.88
60.63
61.37
61.86
59.65
59.65
57.69
55.72
56.71
56.71
55.72
56.71
56.71
56.71
55.97
55.23
55.72
57.93
58.43
57.69
58.18
56.71
56.46
56.46
56.22
56.22
57.44
58.18
57.69
59.16
58.67
58.18
57.44
57.69
57.44
57.20
57.44
59.16
58.92
58.18
58.67
58.92
59.41
57.93
57.44
57.20
54.74
54.74
54.50
54.74
55.48
54.50
53.02
52.29
53.52
53.27
54.01
55.97
56.71
56.46
56.46
58.18
56.95
55.72
52.04
54.50
53.02
52.78
53.52
53.27
53.27
52.53
51.06
50.32
49.59
44.68
44.92
42.22
42.22
42.96
45.66
49.10
45.41
44.92
47.13
48.11
48.36
48.36
49.10
47.13
48.61
47.62
46.40
45.41
45.91
46.89
46.89
46.89
46.64
46.15
47.62
48.85
49.10
51.06
51.06
51.55
51.55
51.80
52.29
52.53
52.53
54.25
52.04
53.02
52.53
52.53
52.53
51.80
52.29
51.80
52.78
52.29
51.55
52.04
52.29
52.29
51.31
52.78
52.04
52.53
53.27
55.23
55.72
55.23
55.23
54.50
54.25
54.50
54.99
55.23
55.48
55.48
55.48
54.99
54.50
56.46
55.97
55.97
55.23
55.23
55.97
55.97
55.97
56.22
56.46
55.97
55.97
55.72
55.97
55.97
55.97
55.97
56.46
55.97
56.46
55.72
55.72
55.23
55.72
54.74
54.99
55.23
55.72
55.72
55.97
56.22
56.46
56.46
56.46
56.71
56.22
54.74
54.99
54.74
54.74
54.01
54.25
54.25
53.52
53.76
53.76
53.76
53.27
53.76
53.52
53.52
53.52
53.76
54.25
53.76
53.27
53.27
52.53
52.53
50.82
51.31
51.80
51.55
50.32
49.59
48.61
48.85
49.10
50.08
51.80
51.55
51.80
51.55
51.31
51.31
51.06
51.06
51.06
51.06
51.80
51.55
51.80
52.04
52.53
52.53
52.29
52.29
53.76
52.78
53.02
53.76
54.25
53.52
53.52
53.02
53.02
53.02
53.02
53.52
55.97
55.23
54.01
54.50
54.25
54.50
54.01
54.25
54.50
54.99
55.72
55.48
56.71
56.22
57.44
56.95
56.46
54.25
54.74
54.50
54.74
54.99
54.99
55.72
55.23
54.99
56.71
56.71
56.46
58.92
58.67
57.69
57.44
57.44
57.20
56.46
56.71
56.46
56.95
56.71
56.71
56.71
56.22
55.23
54.99
55.23
55.97
54.74
54.25
54.74
55.23
54.74
55.72
55.97
55.97
56.22
56.46
56.46
56.71
54.99
54.74
54.25
54.74
54.74
53.52
54.50
54.25
54.01
54.01
54.25
55.23
54.74
54.74
54.74
54.74
55.23
55.23
55.23
55.23
55.48
55.72
56.22
55.97
56.46
56.95
56.95
57.44
56.46
56.46
56.22
56.46
56.46
55.97
57.44
61.86
62.35
62.84
62.60
62.84
63.09
62.84
62.84
62.84
62.60
62.35
62.84
62.84
62.84
62.84
62.84
62.84
62.84
62.60
62.84
63.33
63.09
63.33
63.09
63.09
62.84
62.84
63.09
63.09
63.33
63.09
63.33
63.33
63.09
63.33
63.33
64.07
63.83
63.83
63.83
64.32
63.83
64.07
64.07
63.83
64.07
64.07
64.07
63.83
63.83
64.07
63.58
63.33
63.33
63.33
63.33
63.33
63.58
63.33
63.33
63.33
63.33
63.33
63.33
63.58
63.33
63.33
63.58
63.33
63.33
62.35
61.37
61.86
62.60
62.11
64.81
71.68
71.44
72.17
75.36
73.40
74.63
76.10
75.36
74.38
76.10
79.78
81.75
81.75
83.96
82.97
83.22
84.45
85.18
87.64
88.13
83.22
81.01
81.01
76.35
80.76
80.27
81.50
80.03
81.01
81.01
81.26
81.01
81.01
80.27
79.05
78.06
75.85
77.08
75.61
75.85
75.12
74.14
72.42
71.68
72.17
71.68
69.96
70.21
70.21
72.42
74.87
74.87
75.36
73.89
72.91
71.93
72.42
74.14
73.40
73.89
75.12
73.89
74.38
74.38
74.14
76.10
75.36
75.61
74.63
77.33
77.57
77.57
77.33
74.14
73.65
71.44
72.42
73.40
72.91
72.42
73.89
73.89
73.89
73.89
74.14
74.38
73.65
71.93
72.91
73.40
75.12
75.36
76.10
75.36
76.59
78.80
78.55
77.33
75.85
75.36
74.14
74.38
75.12
74.87
74.63
74.87
76.10
76.35
75.61
76.35
75.61
74.87
75.36
75.36
74.87
75.36
75.12
75.12
74.63
73.15
72.91
73.65
74.63
75.61
76.59
76.35
76.59
76.84
77.33
76.84
76.84
75.61
74.14
74.14
74.38
75.36
75.85
76.10
75.36
74.38
74.38
75.85
75.85
76.10
76.10
76.35
76.59
76.59
76.35
76.10
76.84
75.85
76.59
76.10
76.35
76.35
76.59
76.35
76.35
76.59
76.59
75.61
75.12
73.65
72.17
71.19
69.96
69.23
69.72
69.47
68.49
68.00
68.74
69.47
68.74
68.00
68.98
69.47
69.23
70.70
70.21
69.72
69.96
70.70
71.44
71.19
71.19
71.93
71.93
71.44
70.94
70.21
70.21
70.21
70.70
70.70
70.45
70.21
69.23
69.23
68.74
68.00
68.49
67.75
66.04
66.53
66.53
66.77
66.28
66.28
67.02
67.02
67.26
68.49
67.26
67.51
68.00
68.24
67.51
68.74
69.47
70.21
68.98
69.23
69.96
69.72
69.47
69.47
69.47
68.74
68.74
68.74
68.74
69.96
70.45
70.45
70.94
70.94
72.42
72.91
72.66
72.66
73.65
74.14
73.40
73.65
73.65
73.65
74.38
71.93
70.94
70.94
70.45
70.45
71.44
70.21
70.45
70.45
73.65
72.17
71.68
72.66
72.17
71.93
72.42
70.94
70.94
70.70
70.21
70.45
71.19
69.96
71.19
71.19
72.66
71.44
71.44
70.94
71.93
71.44
69.47
69.72
69.23
68.49
67.75
68.74
68.24
68.24
69.23
68.74
69.23
69.23
69.72
70.45
70.70
71.44
70.45
71.19
69.47
69.23
71.93
71.19
69.96
70.94
71.19
71.19
71.19
72.42
72.91
72.66
72.17
72.17
71.93
71.68
71.68
72.42
72.42
72.42
72.42
72.42
72.17
72.66
72.91
73.89
74.14
73.89
74.14
74.38
73.65
74.14
74.14
74.14
74.38
74.63
75.36
76.10
75.85
74.87
75.61
75.61
75.85
76.10
76.00
74.25
74.25
74.00
74.75
74.50
75.50
75.50
74.50
73.50
73.50
73.75
73.25
74.00
73.75
72.75
73.75
73.00
73.75
72.75
72.50
72.00
72.75
74.50
75.25
75.50
75.25
75.00
75.50
75.50
75.50
75.50
74.25
72.25
71.25
70.75
70.25
70.50
70.25
71.25
70.50
73.00
73.50
71.25
70.75
71.50
72.00
72.50
72.50
75.00
75.25
75.00
74.25
74.50
75.00
74.25
73.25
74.00
74.25
74.50
73.75
74.00
74.00
74.00
74.50
74.75
73.75
73.50
73.50
73.50
73.50
74.00
75.00
75.00
75.00
75.00
75.50
77.00
77.75
77.75
76.75
77.75
72.50
73.25
73.00
72.50
72.75
73.00
73.25
72.25
72.25
72.75
73.25
73.00
74.75
73.50
74.00
73.25
73.75
75.00
74.75
72.75
72.50
72.75
72.00
71.75
71.50
72.75
72.75
71.75
71.75
70.75
71.00
71.25
71.50
74.00
72.50
72.50
73.00
73.25
72.75
72.50
73.25
73.00
75.00
75.25
77.00
77.25
76.75
75.50
76.25
76.00
76.00
75.75
76.75
77.00
76.25
75.00
75.75
76.25
75.25
75.75
75.75
75.50
75.25
76.25
76.25
75.75
75.25
75.00
73.00
72.75
73.50
72.75
72.00
72.50
72.75
72.25
72.00
72.75
73.00
73.00
72.75
73.00
72.75
72.50
73.00
72.50
72.75
74.00
73.50
74.25
74.50
74.25
73.25
73.50
72.50
73.75
73.50
72.25
72.25
71.75
71.50
70.75
71.25
72.00
72.00
70.75
70.75
72.25
71.50
70.50
69.75
70.00
68.75
69.50
70.25
71.00
69.75
70.00
68.00
69.50
69.75
71.25
71.50
70.50
72.00
71.75
72.50
72.00
71.75
71.50
71.75
72.00
72.25
70.75
70.50
70.25
70.75
69.75
70.50
70.75
71.00
70.25
69.75
70.00
69.75
69.50
70.00
69.00
71.25
71.00
71.50
71.00
71.50
71.50
71.00
71.50
71.50
72.00
71.25
71.00
71.00
71.75
72.00
72.75
72.75
73.00
72.50
71.50
71.25
71.75
71.75
72.25
73.50
73.75
72.75
73.00
74.00
73.75
73.25
74.00
74.25
73.50
74.00
73.00
73.00
72.75
72.75
72.25
71.75
72.75
73.75
70.50
70.25
70.75
70.00
69.50
69.25
67.75
69.00
69.00
68.25
67.75
69.50
70.00
70.00
70.25
70.50
70.00
70.00
69.75
70.25
69.75
70.00
70.50
69.00
69.50
69.25
68.75
69.00
69.25
68.50
68.00
