168.00
160.00
156.50
158.00
159.50
159.50
162.50
162.00
161.00
166.00
162.00
162.00
163.50
162.00
162.00
166.00
165.00
163.00
163.00
161.00
158.00
159.50
159.00
160.00
163.50
162.00
159.00
161.50
161.50
164.00
166.00
168.00
173.00
174.00
173.00
173.00
175.50
176.00
176.50
173.50
170.50
169.50
165.50
167.00
167.50
162.50
163.00
161.00
164.00
164.00
169.00
166.00
167.00
169.50
174.50
170.00
177.50
179.50
177.50
177.00
175.00
178.50
178.50
177.00
178.50
180.00
182.00
182.00
179.00
181.00
179.50
184.00
195.00
197.50
195.00
191.00
193.00
189.00
190.50
200.00
201.00
200.00
199.50
200.00
197.50
194.50
197.00
195.00
197.00
196.00
198.00
195.00
198.00
197.50
198.00
197.50
199.00
193.00
189.00
189.00
190.00
188.00
185.50
180.00
186.00
189.00
188.00
187.50
188.00
185.50
188.50
191.00
187.50
189.00
188.00
186.50
189.00
187.50
188.00
195.00
193.00
194.00
192.00
185.50
185.00
182.00
187.00
189.50
179.50
176.00
176.50
178.50
176.50
175.00
172.00
173.00
172.00
172.00
170.50
170.00
167.00
166.50
170.00
171.50
170.50
172.00
169.50
168.00
168.00
166.50
170.00
170.00
170.00
170.00
171.50
169.50
171.50
170.50
169.00
169.50
170.00
170.00
169.00
171.00
174.00
174.00
173.00
171.00
170.00
170.00
171.00
171.00
171.00
172.00
173.00
174.00
175.00
174.50
176.00
177.50
182.00
183.50
183.00
186.00
189.00
190.50
188.50
187.50
185.50
185.00
185.00
182.00
184.00
186.00
187.00
191.00
190.00
187.50
189.00
188.50
191.00
189.50
191.00
195.50
195.50
195.50
198.50
198.00
194.50
193.00
195.00
197.50
197.00
193.00
193.00
190.50
189.50
187.50
191.50
195.00
196.00
195.00
192.00
192.00
192.00
190.00
190.00
189.00
190.00
189.50
192.50
193.00
192.00
193.00
190.50
191.00
191.00
191.00
192.00
192.50
191.00
189.00
190.50
192.50
193.50
193.50
193.50
195.50
195.00
193.50
192.50
186.00
188.50
189.00
185.50
185.00
185.00
183.50
185.00
187.00
189.00
193.00
192.00
192.50
193.00
189.50
189.50
185.00
182.50
185.00
185.00
187.00
190.50
191.50
190.50
190.00
190.00
190.50
190.50
187.50
190.00
189.00
190.50
189.50
188.00
188.00
189.00
190.00
191.50
192.00
189.50
192.00
192.00
192.00
193.50
192.50
193.00
194.00
195.50
198.00
199.00
198.50
197.00
199.00
199.00
198.00
196.00
199.00
203.00
203.00
202.00
200.00
197.50
198.50
195.50
197.00
198.50
197.50
198.50
197.50
192.50
190.00
190.00
188.50
188.50
189.00
193.50
193.50
194.00
193.50
192.50
191.00
190.00
191.00
191.00
194.50
197.50
196.50
197.50
200.00
203.00
205.00
201.00
204.00
204.00
202.00
201.00
205.00
208.00
213.00
211.00
211.00
218.00
214.00
216.00
216.00
213.00
210.00
206.00
209.00
208.00
209.00
206.00
207.00
208.00
207.00
207.00
208.00
207.00
207.00
212.00
217.00
216.00
217.00
217.00
215.00
212.00
213.00
210.00
212.00
213.00
220.00
220.00
224.00
223.00
223.00
220.00
220.00
222.00
220.00
217.00
217.00
224.00
220.00
221.00
224.00
223.00
223.00
224.00
223.00
222.00
221.00
222.00
229.00
227.00
223.00
225.00
229.00
230.00
228.00
226.00
224.00
228.00
230.00
230.00
231.00
234.00
233.00
233.00
234.00
235.00
235.00
233.00
232.00
237.00
242.00
241.00
241.00
235.00
233.00
233.00
238.00
234.00
234.00
232.00
227.00
227.00
221.00
227.00
226.00
226.00
229.00
232.00
234.00
230.00
229.00
230.00
229.00
228.00
227.00
223.00
224.00
225.00
225.00
224.00
228.00
228.00
228.00
227.00
228.00
225.00
226.00
230.00
233.00
232.00
230.00
228.00
228.00
227.00
228.00
230.00
232.00
228.00
225.00
224.00
223.00
223.00
225.00
222.00
220.00
221.00
222.00
222.00
213.00
212.00
212.00
214.00
212.00
195.50
192.00
193.00
197.00
201.00
200.00
199.50
202.00
197.50
197.50
196.50
194.50
190.00
193.50
195.00
195.50
195.50
191.00
189.00
192.50
194.50
190.50
192.00
195.00
195.00
194.00
192.50
189.00
188.50
193.00
195.00
194.50
191.50
192.00
195.50
193.50
191.50
195.00
196.50
204.00
203.00
199.50
194.50
197.50
199.50
200.00
200.00
199.50
199.50
195.00
198.50
194.00
193.00
190.00
193.00
191.00
189.50
194.00
193.00
194.50
197.50
194.50
197.00
193.50
195.50
195.00
195.00
194.50
193.50
197.50
199.50
198.50
210.00
213.00
208.00
210.00
215.00
217.00
217.00
212.00
216.00
217.00
214.00
216.00
217.00
217.00
215.00
213.00
212.00
215.00
216.00
216.00
217.00
217.00
215.00
218.00
215.00
215.00
213.00
211.00
212.00
212.00
208.00
210.00
208.00
208.00
203.00
206.00
214.00
217.00
212.00
216.00
216.00
214.00
217.00
215.00
215.00
213.00
214.00
216.00
215.00
213.00
213.00
214.00
211.00
209.00
210.00
213.00
209.00
209.00
209.00
207.00
206.00
202.00
207.00
205.00
209.00
206.00
199.50
196.50
199.50
203.00
204.00
201.00
204.00
206.00
206.00
207.00
201.00
202.00
200.00
199.00
198.50
196.50
192.00
193.50
190.50
192.50
193.50
195.00
191.50
192.00
193.50
196.50
198.00
193.50
192.50
191.00
190.00
188.00
185.00
185.00
185.00
188.50
188.00
188.00
185.50
182.50
183.00
182.50
185.00
185.00
186.00
186.00
188.00
186.50
186.00
180.00
181.50
181.00
182.00
183.00
184.50
183.00
187.50
189.00
190.50
192.50
193.50
193.00
193.50
193.00
200.00
201.00
202.00
200.00
202.00
202.00
199.00
196.00
197.00
197.00
197.00
195.50
197.00
194.50
196.00
195.00
198.00
199.00
199.00
197.50
196.50
194.50
193.50
189.50
192.00
193.00
192.50
193.00
192.50
192.50
189.00
189.00
191.00
191.50
191.50
193.00
190.50
192.50
192.00
188.00
187.50
186.50
189.00
189.50
189.00
190.00
193.00
193.00
190.50
191.00
191.50
193.00
190.00
190.50
191.50
193.00
193.00
190.50
190.00
191.00
192.50
192.50
190.50
188.50
187.50
187.00
187.00
187.50
187.50
186.50
186.00
188.00
189.00
187.50
189.00
189.50
186.50
183.50
184.50
186.50
190.00
192.50
192.50
191.00
192.00
193.00
193.50
193.50
193.50
191.50
190.00
192.50
193.50
192.00
190.50
191.00
188.50
188.50
188.00
188.50
188.50
189.00
187.00
187.50
187.00
186.50
188.50
187.50
188.00
185.50
183.50
180.00
180.00
179.00
177.00
178.50
177.00
174.50
172.00
172.50
173.00
176.00
172.50
173.50
167.50
165.50
165.50
164.00
155.00
155.00
157.50
161.00
158.00
155.50
156.00
159.50
157.00
154.00
155.50
158.00
160.00
160.00
156.50
156.00
159.00
158.50
160.50
165.50
169.00
169.50
165.50
163.00
160.50
164.00
165.00
165.00
162.50
162.00
161.50
159.50
161.00
156.50
157.00
152.00
150.50
148.50
151.50
150.50
149.50
148.00
147.50
151.00
153.50
156.00
153.00
150.00
149.00
138.00
136.50
136.00
131.00
136.00
139.00
139.00
142.50
146.00
148.00
151.00
152.50
148.00
151.50
149.50
149.00
149.00
146.50
149.00
147.00
149.50
153.00
156.00
155.50
155.50
157.50
155.00
151.50
152.00
147.00
147.00
148.00
142.00
140.00
145.50
142.50
145.50
148.50
148.50
149.50
149.50
148.00
151.00
150.00
150.00
151.00
153.50
152.50
143.50
143.00
140.00
138.50
137.50
136.00
133.00
131.50
138.00
141.50
135.00
139.00
140.00
141.50
141.00
135.50
135.50
133.50
141.50
140.50
138.00
138.50
139.50
143.00
143.50
141.00
142.50
143.00
143.50
144.00
140.00
139.00
134.00
134.50
129.50
128.00
115.50
122.50
119.00
122.00
123.50
122.50
122.50
117.00
107.00
107.00
105.50
95.50
95.50
87.75
86.00
87.25
86.50
93.00
79.25
79.00
81.50
84.00
89.25
85.00
91.50
88.25
89.50
87.75
95.75
100.00
97.50
95.00
95.00
98.75
95.50
96.50
99.00
103.50
97.00
90.25
90.50
88.50
86.25
84.25
84.00
86.25
86.50
83.25
83.50
85.00
84.25
85.25
84.25
82.75
82.25
87.00
88.00
87.25
85.50
87.00
88.25
90.50
96.00
96.00
97.75
100.00
115.00
117.00
114.00
113.00
116.50
112.00
107.50
98.00
99.00
99.75
97.75
95.75
89.25
89.00
90.25
92.25
91.00
92.75
93.25
94.25
95.25
92.50
90.75
92.75
92.50
91.50
90.00
91.50
92.00
91.25
90.25
87.00
87.50
86.25
86.75
85.75
83.00
82.50
81.00
82.25
83.00
83.00
83.25
83.00
82.75
85.25
91.50
89.00
87.75
89.25
87.75
85.75
85.50
83.25
86.00
86.00
85.50
86.75
84.25
82.75
83.50
82.25
81.50
82.75
82.25
81.50
80.75
81.00
79.75
78.50
80.25
79.00
76.50
74.25
75.75
76.00
79.50
78.00
77.00
77.75
75.75
75.50
75.00
74.75
75.50
75.25
75.00
72.25
73.00
73.25
70.75
73.25
75.75
75.25
74.50
74.25
75.00
76.50
76.25
76.50
78.00
76.75
78.50
80.25
80.50
94.25
93.00
90.25
94.25
94.75
94.00
94.50
97.50
106.00
108.00
105.50
114.50
114.50
113.50
110.00
112.50
111.50
115.50
116.50
123.00
121.50
117.00
117.00
120.50
121.50
119.00
110.00
115.00
112.50
115.50
116.00
111.50
115.00
113.00
113.00
114.00
116.50
122.50
121.50
120.00
119.50
121.50
119.50
118.00
115.50
115.00
116.00
125.00
129.00
126.50
127.50
125.50
122.50
127.00
132.00
131.00
133.50
135.00
138.00
147.00
146.00
144.50
145.00
143.00
143.50
146.50
143.50
141.00
136.50
139.50
138.50
141.50
144.00
143.50
147.00
144.50
149.50
148.50
148.00
149.50
150.50
147.00
145.50
145.00
147.00
147.50
147.50
145.50
144.50
145.00
146.00
146.50
146.50
147.00
145.00
148.00
147.00
145.00
143.00
143.00
143.00
138.50
134.50
137.00
140.00
140.00
137.00
132.00
131.50
131.00
131.50
134.50
132.00
126.00
127.00
125.00
125.50
125.00
119.50
122.50
121.00
122.00
124.00
122.00
122.00
120.50
118.50
124.00
121.50
119.50
119.00
122.50
119.50
118.50
121.00
124.50
128.00
127.50
129.00
130.00
125.00
124.50
124.50
123.50
121.00
121.00
120.00
119.50
120.00
119.00
118.50
118.00
122.00
118.50
116.50
118.00
117.00
111.50
114.00
114.50
116.50
114.50
115.00
114.50
112.50
109.00
105.00
107.00
105.50
103.50
103.50
103.00
102.00
105.50
105.50
104.50
104.50
108.50
107.00
105.00
103.50
105.00
107.50
106.50
106.00
108.50
118.00
118.00
121.00
119.50
123.00
123.50
123.00
121.50
123.50
122.50
122.00
118.50
119.50
122.00
121.00
122.00
122.50
122.00
123.00
122.00
118.50
121.00
122.00
131.00
135.00
133.00
137.50
133.50
134.50
137.00
137.50
136.00
141.50
140.00
138.50
140.50
140.50
142.50
145.00
141.00
142.50
141.50
141.00
139.50
139.00
138.00
141.00
141.00
142.00
142.00
147.50
147.00
149.00
148.50
148.00
149.00
148.00
148.00
147.50
149.50
149.00
146.50
147.00
143.50
144.00
147.00
142.50
136.50
132.00
135.00
134.00
134.00
137.50
137.50
139.00
139.00
139.00
138.50
143.00
141.00
136.50
137.00
137.00
138.50
138.00
138.00
141.00
142.00
142.00
145.50
146.00
142.50
142.50
143.00
143.50
144.00
145.00
145.00
144.50
144.00
141.00
141.00
140.00
140.00
143.50
147.50
147.50
148.00
149.50
150.50
150.50
150.50
152.00
152.00
154.50
162.50
166.50
168.00
168.00
170.50
170.50
169.00
165.00
164.50
168.50
163.00
163.50
163.50
163.00
160.50
162.00
161.00
154.00
156.00
159.50
157.00
157.00
162.00
158.50
162.50
163.00
161.50
158.50
158.00
158.00
159.00
158.50
158.00
158.50
160.00
161.50
163.00
161.00
161.50
159.50
158.50
156.50
155.50
152.00
152.50
157.50
154.50
153.50
151.00
152.50
151.50
153.50
153.00
151.00
147.50
147.00
146.50
147.00
145.50
142.50
142.00
144.50
144.00
142.00
144.50
145.50
145.00
143.00
144.50
146.50
148.00
147.00
147.00
146.50
145.50
144.00
144.50
149.50
149.50
147.00
147.50
150.00
148.00
150.00
148.50
149.50
148.00
147.50
148.00
150.00
150.50
150.00
150.50
151.50
149.50
147.50
147.50
146.00
143.50
146.00
146.50
144.50
140.00
141.00
139.00
139.50
140.50
140.00
143.00
145.00
146.00
145.00
145.00
145.00
145.00
147.00
149.50
149.50
149.00
149.00
151.50
151.50
154.00
154.00
154.00
153.50
155.00
156.00
157.50
157.00
155.00
155.50
153.50
152.50
152.00
152.50
151.00
148.00
147.00
149.00
151.00
151.00
150.00
148.50
148.00
149.50
150.50
150.00
151.00
151.50
149.50
145.00
143.50
144.50
144.00
140.50
142.50
142.00
142.50
143.00
142.00
143.50
144.00
145.50
146.50
148.00
148.50
146.00
141.50
141.50
143.00
142.50
146.00
146.50
147.00
149.50
148.50
148.00
148.50
147.50
148.00
148.00
144.50
144.50
145.00
143.50
143.00
142.50
143.50
143.00
143.50
143.50
143.50
145.50
144.50
144.00
142.50
142.00
142.50
142.00
143.00
143.50
142.00
143.00
143.50
144.00
143.00
144.50
145.00
144.00
144.50
145.50
146.00
147.00
147.50
149.00
151.50
151.00
153.00
154.50
155.50
155.00
156.50
155.00
155.00
153.00
152.50
153.50
144.50
143.50
143.50
143.50
145.50
147.50
146.00
145.00
144.50
144.00
144.00
144.00
143.50
143.50
144.50
143.00
143.50
142.50
141.50
139.50
138.00
139.00
139.50
136.50
137.00
135.50
136.00
137.00
136.50
137.00
139.50
141.00
137.50
137.50
136.00
128.00
126.50
131.50
129.50
132.00
129.50
132.00
130.50
131.50
131.50
132.50
134.00
134.50
133.50
132.50
133.00
131.50
129.50
130.00
132.00
135.00
136.00
133.50
132.50
131.50
126.00
128.50
127.50
126.00
127.00
126.50
125.00
127.50
127.00
129.50
133.50
134.00
134.50
135.50
137.00
135.50
133.50
134.00
132.50
133.00
134.50
136.00
134.50
132.50
132.50
130.00
129.50
129.00
131.50
132.00
132.00
133.50
132.50
132.00
132.50
132.50
130.50
130.50
130.00
129.50
130.00
129.50
130.00
129.50
129.00
127.50
128.00
129.50
131.50
133.50
134.50
131.50
129.50
130.50
131.50
130.50
131.50
132.50
134.50
135.50
134.50
133.50
129.00
124.50
124.50
123.00
125.00
126.00
125.50
123.00
122.00
123.00
123.00
127.00
127.00
128.00
127.00
126.50
127.50
128.50
129.00
130.00
132.50
131.00
132.00
133.00
132.50
131.50
130.50
129.50
130.50
130.00
131.00
130.50
129.50
129.50
128.00
128.50
131.00
130.50
129.00
127.00
128.00
127.00
126.00
125.50
123.00
124.50
124.50
126.00
126.00
126.50
127.00
126.50
127.00
127.00
126.50
128.50
127.50
126.00
127.00
126.50
126.50
129.00
130.50
133.00
129.50
132.00
132.50
131.50
132.50
132.50
133.50
132.00
131.50
133.00
131.50
131.50
131.50
132.00
132.00
132.00
133.00
131.00
131.50
132.00
132.00
132.00
132.50
133.00
131.50
128.00
129.50
129.00
127.50
127.50
127.00
128.00
126.00
128.50
130.50
130.50
130.50
131.00
131.50
131.50
131.00
132.00
133.00
135.00
134.50
135.00
134.50
136.00
132.00
132.50
129.50
129.00
132.50
131.50
130.50
131.00
129.00
125.50
120.50
121.00
122.00
123.00
122.00
122.00
121.50
120.00
119.50
121.50
121.50
122.00
123.50
120.50
119.50
121.00
120.50
120.50
119.00
120.00
119.50
121.50
124.00
124.50
124.00
123.00
123.00
123.00
123.50
124.00
123.50
122.50
122.00
123.50
122.00
123.00
123.50
125.00
125.00
124.00
124.50
124.00
123.50
124.00
122.00
125.00
124.50
124.00
124.00
124.00
122.50
122.50
