38.00
38.25
37.38
37.75
38.50
38.50
38.63
37.63
37.25
37.13
36.25
37.63
39.00
39.25
39.00
39.25
39.50
39.00
38.63
39.00
39.13
39.13
38.50
38.75
38.88
38.63
38.75
38.50
38.63
39.75
40.38
40.63
40.25
40.63
40.75
41.50
43.13
42.50
42.50
41.38
41.63
41.25
40.50
41.75
41.63
41.00
41.13
41.63
41.75
41.88
42.38
41.13
40.75
42.25
41.75
41.63
42.00
41.75
42.25
42.38
42.38
42.00
42.00
42.38
42.88
44.63
46.25
45.00
46.50
45.88
47.88
48.75
49.25
48.50
49.88
48.88
49.00
48.88
50.00
51.75
51.75
50.00
49.50
48.38
48.50
49.38
49.38
48.38
48.00
47.63
48.25
49.25
49.00
48.75
48.88
48.88
47.75
47.38
46.63
48.00
48.00
45.75
45.50
45.75
47.50
47.63
48.00
49.50
49.63
49.13
49.88
50.00
50.75
52.00
51.00
50.50
52.00
53.00
54.50
54.25
53.25
52.75
54.00
52.00
52.50
50.75
51.25
54.25
54.00
55.00
57.00
58.25
57.00
57.25
55.75
56.25
54.50
56.00
56.25
56.00
55.75
55.50
56.00
55.50
56.00
55.50
54.50
52.75
55.00
57.00
58.00
58.00
58.25
60.50
61.25
61.25
61.50
62.50
61.75
60.25
60.75
60.00
62.25
64.00
64.50
63.75
62.00
61.00
61.00
61.50
61.00
61.00
60.50
59.50
59.25
59.25
60.50
61.25
61.50
61.00
62.00
61.00
60.50
60.50
62.25
62.50
61.00
61.50
60.75
60.25
59.00
58.25
59.00
61.00
61.25
59.25
57.50
55.25
54.50
54.50
51.50
50.75
53.75
53.25
52.25
50.50
49.00
50.50
50.00
51.25
51.50
51.25
51.00
50.25
50.25
49.75
50.50
50.50
49.13
48.13
48.25
49.38
47.88
48.38
47.75
50.75
52.00
52.00
52.75
53.00
52.50
53.75
52.75
53.25
53.25
52.50
52.25
52.25
53.25
53.00
53.25
52.25
52.50
52.25
53.00
52.75
52.25
52.25
50.75
49.75
49.75
51.25
51.75
50.25
51.25
51.50
51.75
52.50
53.25
54.50
56.50
56.25
56.25
56.25
55.50
55.50
54.00
52.25
51.50
51.50
51.00
51.50
51.25
51.25
53.25
54.00
53.00
53.50
54.25
54.00
53.25
53.00
52.25
53.50
53.25
54.25
53.50
53.00
53.00
55.00
54.00
55.75
55.25
55.25
56.00
55.50
54.50
55.25
55.25
54.75
54.50
54.25
54.25
53.00
52.75
52.25
53.00
53.00
53.75
52.25
52.50
52.00
50.25
50.75
49.63
49.88
46.75
44.75
44.75
44.63
43.25
44.25
44.25
43.13
41.38
40.50
42.00
41.50
43.00
43.25
44.63
44.25
44.25
43.50
43.88
43.38
43.25
43.63
43.50
43.25
44.13
43.63
43.75
43.63
43.50
43.13
43.00
42.25
42.38
43.50
44.13
44.25
46.25
46.00
47.63
46.63
46.38
47.13
46.88
49.00
49.00
51.00
51.00
50.00
50.75
51.00
51.00
51.50
51.00
49.75
50.00
50.25
49.88
48.63
47.13
47.25
47.63
47.13
47.50
47.75
49.00
50.50
50.00
49.13
48.63
48.63
49.13
48.75
44.75
42.63
41.88
42.50
42.38
41.75
41.13
42.88
42.25
42.13
42.25
42.25
42.00
41.63
41.88
41.38
41.25
41.25
41.50
41.75
42.75
43.00
43.25
43.88
42.38
42.00
42.38
42.25
42.63
42.88
42.88
42.38
42.50
42.00
40.88
41.38
41.88
42.00
40.75
40.38
40.50
40.38
40.25
40.50
40.38
40.63
41.38
41.25
41.50
40.50
40.25
40.38
39.50
38.50
38.75
38.38
37.25
36.38
36.13
38.00
36.13
36.38
37.38
38.63
38.63
37.88
36.75
36.63
36.50
36.13
36.25
34.63
34.50
34.75
34.88
35.50
35.00
35.00
34.25
32.50
32.25
33.13
33.00
33.25
34.63
35.00
35.00
35.00
35.00
34.75
34.75
35.75
35.63
35.75
35.50
34.25
33.50
33.63
33.63
32.75
31.63
31.25
30.13
32.38
34.13
33.25
35.75
35.75
35.88
37.00
38.63
37.25
36.63
36.38
33.75
34.13
35.00
34.63
34.75
34.25
36.00
35.25
36.38
36.13
34.75
33.75
33.88
34.00
34.75
37.25
36.75
36.75
36.25
35.00
34.50
32.50
32.50
35.00
34.75
34.75
34.50
34.25
36.00
36.25
36.00
36.00
36.00
37.00
36.25
35.50
35.50
37.00
37.50
37.25
37.50
37.25
37.50
38.00
40.50
40.25
40.75
39.75
40.25
39.50
39.25
40.75
40.00
40.50
42.00
42.25
43.00
43.00
42.75
41.50
41.00
41.25
40.50
41.25
40.25
41.25
43.25
42.00
42.50
44.75
44.75
44.75
45.50
45.25
46.25
47.50
46.75
44.00
44.00
43.75
42.75
44.00
42.75
43.50
45.25
45.25
46.00
46.00
45.75
44.25
43.75
45.25
45.75
46.25
46.25
45.75
45.75
45.75
44.00
41.50
42.50
43.00
42.75
42.50
42.00
42.25
42.00
43.00
43.00
44.25
44.00
42.00
42.00
42.50
41.50
42.00
41.50
40.50
40.00
37.50
38.00
35.75
37.25
37.25
36.25
36.25
37.25
36.75
36.75
37.00
35.75
31.00
31.25
30.75
31.00
30.00
29.50
29.00
28.25
28.00
26.25
28.75
27.25
28.50
28.75
28.75
29.50
27.75
27.75
28.75
29.50
29.00
30.00
29.00
29.75
29.25
28.75
28.25
27.50
28.50
28.25
27.75
27.50
25.50
26.50
25.75
26.25
26.00
25.75
25.25
26.75
27.00
28.25
29.25
29.25
28.75
28.50
28.50
28.50
28.50
28.25
27.50
27.25
27.50
26.75
26.50
26.50
26.25
26.25
30.00
30.75
30.75
30.75
31.00
31.50
30.00
31.75
32.50
29.00
26.50
26.50
27.00
26.75
26.75
27.00
26.75
27.00
27.50
25.50
25.50
25.50
26.00
26.50
25.75
25.00
25.50
26.00
25.50
25.25
24.20
24.70
24.60
24.70
24.90
24.20
24.40
24.20
24.10
24.30
25.50
25.50
26.50
26.25
26.50
26.75
26.25
26.00
26.25
27.50
27.00
26.50
26.25
27.00
26.25
25.75
24.90
24.80
24.80
25.25
24.90
24.60
24.30
24.10
23.40
22.00
21.20
18.40
18.80
17.20
16.70
17.90
17.20
17.00
17.40
18.00
17.40
17.20
17.30
17.70
18.00
18.10
17.90
18.90
18.90
18.50
18.60
18.20
18.00
18.00
19.20
19.10
18.70
18.50
18.80
19.20
19.00
19.00
19.50
18.70
18.90
18.50
18.50
18.40
18.40
18.50
18.70
19.20
18.50
18.20
18.10
18.00
18.00
18.20
18.60
18.60
18.40
17.70
17.20
16.90
16.10
16.00
16.00
16.40
16.00
15.90
15.30
15.70
14.90
15.40
15.90
15.80
16.40
16.10
16.40
15.80
15.60
16.00
16.50
16.60
16.30
16.40
16.60
18.00
18.20
18.00
18.20
18.60
18.10
18.20
17.90
17.90
17.40
17.30
17.10
17.50
17.50
17.50
17.50
17.30
16.60
16.70
16.30
16.10
16.10
15.90
16.20
16.30
16.50
15.80
15.20
15.30
15.50
15.30
14.90
15.00
14.40
13.80
13.80
13.50
14.40
14.70
14.70
15.50
15.70
16.10
17.10
17.50
16.90
17.10
16.50
16.30
16.70
17.60
18.40
17.70
18.10
18.40
19.70
19.70
19.30
19.50
19.50
19.40
19.20
18.50
19.20
20.00
20.60
21.70
22.60
22.80
23.20
22.90
24.00
23.90
23.90
23.20
22.80
25.00
25.00
24.50
23.20
22.40
21.50
22.00
20.90
21.90
21.00
20.20
20.80
20.50
20.40
22.40
21.70
22.10
22.00
22.90
22.90
22.20
19.00
19.60
18.70
18.70
18.60
19.40
21.00
21.30
20.70
20.20
22.40
24.70
24.00
25.25
24.70
24.20
24.70
24.80
24.50
25.00
21.70
23.20
22.10
21.50
22.10
21.30
22.00
21.00
18.90
19.10
18.70
15.70
15.80
14.10
14.00
13.90
13.20
15.00
12.50
12.00
12.80
13.10
13.30
12.80
13.70
14.20
14.10
13.30
14.70
14.70
14.80
15.10
15.40
16.00
15.00
14.00
14.80
14.90
14.80
15.20
15.20
14.80
14.60
15.00
15.70
17.50
16.00
16.50
16.20
16.50
17.40
16.50
16.10
16.20
16.10
16.80
17.70
17.20
16.90
17.40
20.00
19.30
19.00
18.70
19.00
18.90
19.80
19.60
19.50
19.50
19.40
18.50
18.60
17.90
18.30
18.60
19.50
19.20
19.30
19.70
21.00
21.30
20.90
21.50
22.80
23.70
23.70
24.40
23.10
23.40
23.30
25.25
25.25
25.50
25.50
25.25
25.75
25.50
26.00
25.25
25.00
25.25
29.00
28.50
28.00
28.50
28.00
28.25
27.75
27.50
27.50
28.00
30.00
29.50
28.00
28.50
28.00
27.75
28.25
29.25
28.75
31.00
30.00
30.25
29.25
29.50
30.25
29.75
28.50
29.00
28.75
28.25
27.50
28.75
30.25
31.25
31.50
31.00
31.25
31.25
30.50
31.00
31.50
31.50
30.25
31.00
32.75
33.25
33.75
34.00
34.50
34.25
34.25
36.50
35.00
36.25
38.25
38.50
41.00
40.25
40.25
41.25
40.25
38.75
39.00
38.50
39.25
41.50
40.75
39.00
37.25
33.75
35.75
37.00
38.00
37.25
36.50
38.25
38.00
38.25
38.00
37.25
36.75
38.50
40.00
40.25
39.50
40.00
40.00
40.50
44.50
41.75
42.00
42.00
43.25
42.25
40.25
39.00
40.50
40.50
42.00
42.50
40.25
41.00
41.50
42.50
44.50
46.75
46.50
50.00
51.75
51.50
51.50
51.00
50.75
49.50
50.00
50.00
49.75
54.50
58.00
57.25
57.75
55.75
55.00
53.75
56.75
56.00
57.25
58.00
57.00
57.75
54.75
56.50
57.00
59.50
59.25
60.50
58.75
56.50
56.00
52.75
54.25
53.75
55.00
57.00
56.75
56.25
54.75
54.50
55.50
55.75
54.75
53.75
55.75
57.25
57.00
56.50
55.25
55.00
55.00
58.00
57.25
57.25
55.75
56.00
56.50
57.00
57.25
58.00
60.75
59.25
59.25
60.75
61.50
60.00
59.25
57.50
57.75
58.50
57.25
57.75
58.00
58.25
57.75
60.00
59.50
61.00
60.75
63.00
60.75
61.50
61.25
63.25
62.75
64.00
63.00
69.75
69.75
69.25
70.00
70.75
73.50
72.50
70.25
69.25
69.50
72.00
70.25
67.00
68.25
68.25
69.00
70.25
72.25
73.00
71.25
71.50
71.25
68.50
72.75
73.75
77.00
74.75
73.00
73.50
73.00
73.75
73.50
73.50
76.25
74.75
74.50
74.50
75.00
76.00
74.50
76.00
81.50
80.75
78.75
77.75
78.50
77.50
78.00
78.00
79.25
79.00
80.00
80.00
82.00
80.00
81.50
86.50
85.75
86.75
86.75
82.50
81.25
80.25
78.75
80.25
78.25
76.50
78.25
79.25
78.25
77.00
76.25
78.75
77.25
79.25
79.00
79.75
80.00
78.50
82.50
82.75
81.75
81.75
82.75
79.50
79.00
79.25
78.75
78.25
78.50
78.00
79.25
79.00
79.25
79.00
77.25
77.75
80.25
81.25
81.50
83.50
84.00
83.00
85.25
87.25
87.25
87.00
88.25
89.00
88.00
89.25
89.00
85.25
86.75
90.50
91.00
90.75
92.50
93.00
92.75
91.75
91.50
92.25
92.00
91.75
92.00
91.00
90.25
92.00
90.25
89.75
89.75
92.00
92.00
93.00
93.00
92.25
91.25
92.25
90.00
88.50
88.75
89.50
90.00
90.00
90.00
89.50
89.00
88.00
88.50
88.50
84.00
84.00
85.00
84.75
84.75
84.25
82.00
82.00
79.75
76.50
75.75
75.00
73.50
74.75
76.25
75.00
70.50
71.75
74.00
74.75
73.25
72.75
72.25
73.25
64.75
62.00
59.75
59.00
61.75
62.00
62.75
62.50
62.00
62.50
60.50
61.50
60.50
60.75
58.25
58.50
58.50
55.75
54.75
56.75
58.25
58.50
58.00
57.50
63.00
64.25
63.75
62.75
63.50
65.00
65.25
65.00
64.25
64.75
65.50
65.50
65.25
65.00
66.50
63.25
63.25
61.00
61.25
61.50
61.25
62.50
63.25
63.25
62.50
62.00
60.75
62.00
61.50
61.50
62.25
61.25
59.25
59.75
61.75
61.25
61.75
62.25
63.75
62.50
63.25
63.00
62.75
61.50
61.75
65.00
66.25
66.00
66.00
65.75
65.00
63.75
64.50
64.50
64.25
61.75
62.50
62.25
61.25
61.75
62.00
63.00
60.50
60.50
61.00
62.75
62.50
62.00
60.25
60.75
56.50
56.25
54.75
55.25
55.00
55.00
54.75
55.00
54.00
54.25
54.50
56.25
57.25
57.75
58.75
58.50
62.75
65.50
64.50
64.75
65.50
65.25
64.00
62.50
57.50
57.00
57.50
58.00
58.25
58.00
57.75
55.50
55.75
55.25
55.75
56.50
55.50
55.00
54.25
53.00
51.25
50.25
50.25
49.25
49.25
49.25
51.00
51.00
52.00
52.00
51.75
52.25
51.50
50.75
51.00
50.00
49.25
46.50
44.50
43.50
43.25
42.00
42.75
43.25
43.25
42.00
41.00
41.00
40.25
41.00
43.00
42.50
43.25
42.00
43.00
42.00
42.00
41.25
42.00
44.00
44.00
44.75
46.25
47.50
47.50
45.00
45.25
46.75
47.00
49.25
49.00
47.75
51.25
49.25
47.75
47.50
48.00
46.75
47.75
47.50
48.25
50.75
50.00
49.00
48.75
48.75
49.75
49.25
49.75
48.00
47.25
47.50
45.50
45.00
45.75
45.50
46.00
47.00
46.75
46.75
46.50
47.25
46.00
45.00
48.00
48.75
50.00
49.25
52.50
52.00
51.50
50.75
49.50
49.00
49.00
49.75
49.25
49.50
49.00
50.25
50.00
54.75
55.50
56.75
58.00
56.50
57.00
50.50
48.50
47.25
48.00
47.00
46.75
46.75
46.00
47.25
47.75
46.75
47.25
46.00
46.50
46.50
47.50
47.00
47.00
48.50
48.00
48.50
48.00
46.75
45.00
46.25
45.25
43.25
42.25
43.00
43.25
44.75
45.75
45.75
45.50
46.25
46.25
45.25
45.50
45.00
42.50
44.00
45.25
45.50
45.25
45.25
45.00
44.00
42.75
41.25
40.75
38.75
39.75
38.50
38.00
38.00
38.50
40.50
40.75
37.75
37.00
37.50
37.25
36.50
36.00
37.25
36.75
38.00
38.25
38.25
38.50
38.25
38.50
39.25
39.00
38.75
38.75
37.75
38.75
39.50
39.25
39.25
41.00
40.50
40.25
40.25
41.50
41.00
39.00
37.75
38.25
36.50
37.00
37.50
38.00
39.00
38.50
38.50
38.00
37.25
36.50
36.75
37.00
36.00
36.75
38.75
39.25
40.00
40.25
38.75
38.25
37.75
38.00
38.25
39.75
43.25
43.00
41.75
42.75
42.75
42.00
45.75
46.50
46.75
46.75
47.25
47.25
46.50
46.50
47.25
47.50
50.75
50.00
49.00
49.75
51.25
51.00
51.50
50.25
50.75
49.25
49.50
49.75
50.25
52.00
51.50
51.75
51.50
51.00
51.75
51.50
52.25
52.75
53.00
52.00
52.50
55.00
55.25
55.50
55.50
56.50
56.00
55.00
53.00
55.25
56.25
55.50
55.00
54.00
55.00
54.25
52.00
51.50
53.00
49.00
51.75
53.00
50.75
52.25
54.25
55.00
57.25
55.50
53.00
52.75
51.50
52.75
51.25
53.00
51.75
50.25
52.00
52.75
51.75
51.75
51.75
51.25
52.00
52.75
52.50
54.50
54.50
54.75
54.00
54.50
54.50
53.75
55.50
54.75
55.00
55.25
55.25
56.75
56.25
56.00
55.25
54.25
55.00
56.00
54.50
53.00
51.50
52.25
51.50
52.00
51.75
52.00
51.25
50.00
49.50
47.25
48.50
47.75
46.75
48.25
47.25
46.25
45.50
45.50
44.50
44.00
44.25
45.25
46.25
45.75
45.00
45.25
45.50
45.00
40.50
41.25
39.75
40.25
39.00
38.50
39.00
38.25
38.75
37.00
37.75
37.00
36.75
37.25
37.75
37.75
39.00
39.00
38.75
39.00
38.50
38.00
38.75
38.75
38.50
39.75
40.00
39.00
39.50
40.00
39.25
39.75
40.00
40.25
39.50
