8.68
8.68
8.80
8.85
8.80
8.78
8.58
8.63
8.63
8.98
9.00
8.95
9.43
9.25
9.13
9.23
9.20
9.13
9.10
9.15
9.25
9.28
9.28
9.35
9.20
9.35
9.23
9.18
9.13
9.13
9.00
9.08
8.88
8.88
9.03
8.93
8.98
8.85
8.93
8.98
9.10
9.08
9.08
9.10
9.18
9.10
9.10
8.95
9.13
9.25
9.20
9.18
9.50
9.65
9.70
9.93
9.93
9.70
9.88
9.80
9.75
10.00
10.65
11.00
11.10
11.50
11.60
11.40
11.80
11.80
12.15
12.40
12.20
12.25
11.60
11.40
11.75
12.10
12.20
12.20
12.10
11.70
11.80
11.60
11.65
12.25
13.00
12.95
12.60
13.10
13.20
13.40
13.45
13.85
13.65
13.90
14.00
13.80
13.40
13.50
13.60
13.20
13.05
12.45
12.90
13.00
13.15
13.10
13.50
13.15
13.30
13.55
13.80
14.00
14.00
14.20
14.50
14.75
14.60
14.70
14.40
14.25
14.35
13.80
13.35
13.35
13.20
13.90
14.00
14.00
14.30
14.50
15.20
15.00
14.90
14.95
14.80
15.00
14.95
14.85
14.90
14.85
15.00
14.90
14.85
14.60
14.10
13.90
14.40
13.80
13.70
13.80
14.40
14.30
14.30
14.20
14.15
14.55
14.45
14.60
14.45
14.30
14.25
14.35
14.35
14.15
13.95
13.60
13.25
13.70
13.70
13.80
13.60
13.35
13.00
13.30
13.65
13.70
13.70
13.80
13.85
13.95
14.00
13.80
13.55
14.10
13.95
13.80
13.70
13.60
13.60
13.70
13.90
14.05
14.05
14.45
14.05
14.05
14.20
14.05
14.00
13.80
13.90
14.05
13.80
13.90
14.00
14.00
14.00
13.90
13.85
13.90
13.75
13.45
13.30
13.25
13.20
12.90
13.05
13.20
13.25
13.15
12.90
12.95
13.10
13.00
13.00
13.00
13.00
12.95
13.35
13.35
13.40
13.75
13.70
13.70
13.70
13.70
13.80
13.85
13.85
13.60
13.85
13.75
13.80
13.60
13.75
13.75
13.80
13.60
13.65
13.65
13.85
13.40
13.45
13.35
13.55
13.60
13.55
13.40
13.45
13.35
13.20
13.20
13.15
13.00
12.65
12.90
12.85
13.15
12.90
13.05
13.00
13.20
13.25
13.35
13.25
13.20
13.15
13.15
13.00
13.10
12.85
12.85
12.85
12.70
12.65
12.75
12.70
12.80
12.85
13.05
13.00
13.00
12.90
12.75
12.70
12.65
12.55
12.40
11.95
12.00
11.10
10.70
10.50
10.80
10.60
10.40
10.65
10.55
10.60
10.60
10.55
11.15
11.40
11.15
11.05
11.05
10.40
10.25
9.98
10.10
10.30
10.20
10.15
10.05
10.10
10.50
10.55
10.40
10.45
10.75
10.55
10.80
11.25
11.75
11.55
11.60
11.70
12.00
11.90
11.95
11.90
11.60
11.45
11.40
11.35
11.40
11.45
11.65
11.50
11.40
11.55
11.45
11.45
11.50
11.40
11.25
11.05
11.10
10.95
11.00
10.90
11.30
11.65
11.65
11.65
11.65
11.90
12.10
12.80
12.50
12.80
12.75
13.15
12.85
12.75
13.00
13.30
13.55
13.70
13.65
13.75
13.90
13.75
13.75
13.85
14.10
14.30
14.75
14.95
15.35
15.55
15.35
15.70
16.20
16.75
16.80
16.45
16.55
16.75
16.80
16.85
16.80
16.75
16.40
15.35
15.80
16.45
17.50
17.70
17.55
17.65
17.75
17.80
17.80
17.80
17.95
18.20
18.30
18.45
18.55
18.50
18.60
18.45
18.10
17.10
17.65
17.60
19.00
19.45
19.45
19.90
19.35
21.80
23.00
22.90
23.10
23.40
23.70
24.00
23.90
24.40
24.30
24.00
23.80
23.90
23.40
23.40
24.00
26.10
26.80
26.60
26.20
25.90
26.00
29.60
27.60
26.40
27.00
25.00
26.30
27.20
26.80
26.50
24.70
24.30
23.60
24.00
23.40
23.40
25.30
26.00
25.40
26.60
26.00
25.70
25.90
26.10
27.10
27.80
29.30
30.30
30.60
32.20
30.70
33.30
29.40
26.60
32.40
31.50
31.80
31.90
30.00
31.20
33.00
34.40
33.40
32.10
32.80
33.00
33.50
34.80
36.60
36.30
36.80
36.80
36.20
36.00
37.40
36.90
37.10
38.00
36.60
34.50
36.30
36.00
36.60
36.10
36.10
35.00
34.80
36.80
36.60
34.90
35.80
34.70
35.20
34.80
34.40
33.60
34.70
34.20
33.90
34.10
34.00
32.90
33.00
33.80
32.40
31.20
32.30
33.50
34.80
34.90
35.20
35.40
36.20
36.80
34.80
34.70
34.10
34.60
35.70
35.40
33.00
23.10
29.00
31.50
32.25
31.75
32.00
28.00
27.50
28.00
28.75
29.00
29.00
28.75
29.25
29.00
29.00
29.25
28.50
27.75
26.50
27.50
28.25
28.75
28.50
29.75
29.75
29.75
29.75
29.50
29.25
29.50
31.75
31.50
31.25
29.75
30.25
30.75
31.00
31.00
31.25
32.50
32.75
32.25
33.00
34.00
34.00
35.50
34.75
34.00
35.75
36.00
36.00
36.25
35.25
35.25
35.25
35.00
35.25
33.75
34.75
34.00
35.00
36.00
36.00
35.00
34.00
33.00
32.25
33.75
33.75
34.50
34.25
34.75
34.75
35.50
35.50
35.25
35.25
35.25
35.00
34.25
35.00
34.25
34.00
33.75
34.00
33.50
34.25
33.50
33.75
34.25
34.25
34.00
34.00
34.00
35.00
35.00
34.50
34.00
33.25
33.50
32.25
32.00
31.50
30.75
31.75
31.50
31.25
31.50
30.00
30.25
30.00
30.50
31.25
30.75
30.50
31.75
31.75
31.50
31.00
30.25
28.75
28.75
28.50
28.25
27.75
28.25
29.50
30.00
29.75
30.00
29.00
28.50
28.75
29.50
30.00
30.25
29.75
29.75
31.00
31.25
30.50
30.75
31.00
31.00
30.25
30.75
31.25
31.00
31.50
31.75
31.25
30.75
30.50
30.00
29.75
30.25
29.50
30.25
30.50
31.25
31.00
31.25
31.25
31.00
31.00
32.50
34.00
34.00
34.25
34.25
34.25
34.50
34.50
35.25
36.25
36.00
35.50
35.75
38.25
39.50
40.75
40.25
39.75
39.25
39.75
39.75
39.25
38.50
38.75
39.50
39.00
39.50
40.50
40.50
40.50
41.75
41.25
40.75
40.50
40.00
40.00
38.75
38.00
38.50
39.25
40.00
38.75
39.00
39.75
40.75
41.00
40.75
40.50
40.75
41.75
43.25
42.50
42.75
42.00
41.50
41.75
41.25
42.00
42.75
44.00
43.75
43.50
43.00
44.25
44.25
44.50
43.25
43.50
43.00
42.75
42.50
42.75
42.75
42.50
42.00
41.50
41.50
40.25
39.50
41.75
42.00
42.00
42.00
42.00
45.50
45.50
45.25
47.75
46.50
46.00
45.50
46.25
47.00
46.50
45.25
44.25
42.75
43.00
44.75
44.25
43.75
44.00
43.75
44.00
44.00
44.50
44.50
46.00
45.75
47.00
46.25
45.75
45.00
45.00
44.25
44.75
44.25
44.50
44.50
44.25
43.25
43.75
43.75
42.75
41.25
41.25
41.50
43.00
43.00
42.75
42.25
42.00
41.75
41.75
41.75
39.75
40.25
40.25
41.50
41.50
40.75
40.75
40.75
40.50
41.25
41.00
40.25
40.25
40.25
40.50
41.50
42.25
42.50
42.00
42.50
42.50
42.25
41.75
41.75
41.50
41.50
40.75
40.00
41.50
41.00
41.00
41.50
42.00
42.50
42.00
41.00
41.00
40.50
40.75
40.75
41.25
39.25
38.50
39.50
41.50
39.50
38.50
39.25
39.75
38.50
38.00
38.50
39.25
39.50
39.00
39.50
39.25
38.75
37.75
38.00
37.00
36.00
36.25
36.50
36.50
36.25
34.75
33.75
34.75
35.25
35.50
35.00
35.00
33.75
33.75
35.00
34.75
34.25
33.75
34.75
36.00
36.25
36.00
38.75
39.75
41.50
40.75
41.00
42.25
41.25
41.75
42.00
39.75
41.50
39.75
41.00
38.75
38.25
39.00
37.50
37.00
36.25
34.25
35.50
34.25
28.00
29.75
28.50
26.50
27.25
27.50
30.75
26.50
23.90
23.80
25.25
26.00
25.50
27.25
26.00
26.00
26.25
27.50
28.25
29.50
32.25
35.75
34.25
34.00
31.00
32.75
32.75
32.50
32.50
32.00
31.25
31.75
32.75
34.50
34.00
33.50
32.50
33.75
34.25
34.50
37.00
36.75
36.50
36.75
37.75
37.75
37.50
37.50
37.75
38.00
37.75
37.75
38.50
37.00
37.25
38.00
39.50
39.25
38.50
39.00
37.50
36.25
33.50
30.00
31.00
30.50
31.75
31.50
31.00
30.25
30.00
29.75
30.25
30.00
30.50
31.25
30.75
30.25
30.25
30.75
30.50
30.00
30.25
30.75
31.75
32.00
32.50
32.75
32.50
32.75
32.50
31.75
30.25
30.75
30.00
31.00
30.00
30.25
30.00
29.50
30.25
30.00
29.75
30.25
30.50
30.25
29.75
30.00
30.25
30.50
31.00
31.25
31.00
30.75
31.00
31.00
31.00
30.25
30.50
30.75
31.00
31.50
32.00
33.25
32.25
33.25
33.50
34.00
34.00
34.00
34.50
35.00
34.50
34.75
35.50
36.00
36.00
36.75
38.00
38.00
37.75
37.75
37.75
37.50
38.00
37.00
37.00
37.75
38.00
38.25
38.75
38.75
38.75
39.50
39.50
39.75
40.00
41.00
41.50
42.25
43.00
44.00
43.50
43.25
43.00
43.25
44.25
44.50
44.50
44.50
43.50
45.75
47.75
51.75
51.00
51.25
51.25
52.00
53.00
53.00
53.50
53.25
54.00
54.75
54.75
55.75
53.00
54.25
53.25
55.50
60.00
57.75
58.25
59.50
61.75
61.50
66.25
76.00
76.75
79.00
78.25
78.00
78.25
78.50
76.25
77.00
72.00
67.75
63.50
64.00
68.25
66.00
63.00
65.00
65.75
64.25
64.25
64.00
64.75
65.25
68.25
68.50
69.25
67.50
68.00
65.50
65.25
64.50
62.25
63.25
63.50
63.50
66.00
67.50
68.75
69.75
70.25
68.75
69.25
73.50
71.75
72.75
72.75
74.00
74.00
73.75
73.00
75.25
77.25
77.00
76.50
78.00
76.75
81.25
79.00
81.50
80.00
79.00
76.75
77.00
78.50
75.75
75.50
76.00
78.75
79.00
79.00
75.25
76.75
76.50
76.75
77.50
76.25
70.00
73.00
73.50
73.00
71.25
70.50
69.75
70.75
71.75
72.50
71.00
70.75
76.00
77.50
83.00
73.50
73.25
73.00
74.50
74.00
73.50
72.25
72.25
72.50
71.50
71.50
72.25
70.00
66.50
66.50
66.50
67.00
66.50
66.50
66.50
67.00
67.50
69.00
67.00
68.50
66.75
66.75
68.25
68.00
64.25
66.25
66.50
68.25
69.25
69.00
69.75
65.50
65.00
65.00
65.00
64.50
63.25
63.00
61.75
60.50
62.25
63.50
63.50
60.75
61.25
60.50
58.00
59.25
58.25
58.25
60.50
59.00
59.50
64.50
63.25
64.25
63.25
64.50
65.50
66.25
65.75
66.25
67.50
66.75
65.75
64.25
63.25
63.50
64.25
63.50
64.00
64.00
62.75
61.00
63.00
60.75
59.75
58.00
58.25
55.25
54.75
55.50
55.25
56.00
55.75
57.00
56.50
56.25
56.25
56.25
55.75
55.25
55.00
56.00
58.00
57.00
57.50
57.00
57.50
57.75
56.25
56.50
56.50
58.25
58.00
57.75
59.00
57.25
57.50
57.75
57.75
58.25
59.50
59.00
58.75
58.50
58.00
58.00
57.75
56.25
54.25
53.50
54.00
54.50
54.25
55.00
56.25
56.50
57.00
57.00
56.50
57.00
57.00
56.00
56.75
56.75
57.50
57.50
57.75
58.25
60.00
59.25
60.00
60.75
59.50
60.25
61.25
60.75
61.50
62.25
61.00
59.75
59.25
59.75
59.75
59.75
59.50
60.00
59.50
59.50
59.25
60.00
60.75
63.50
65.50
66.00
66.00
67.00
67.50
67.25
66.75
67.25
66.50
66.50
66.25
64.75
64.25
65.00
63.50
63.75
63.25
63.75
63.50
63.00
61.75
60.50
60.25
60.50
61.25
61.50
62.25
61.50
63.25
63.25
62.75
62.50
61.50
61.00
60.50
60.50
61.75
61.50
61.50
61.50
61.25
61.25
61.00
59.50
60.50
59.75
59.00
58.50
58.50
59.25
59.25
58.50
57.25
57.00
57.00
57.25
57.75
57.50
57.50
57.50
57.25
58.00
58.25
58.00
57.75
59.00
60.00
58.75
59.25
59.75
59.00
59.00
60.75
61.00
61.00
61.25
61.75
61.75
61.75
61.25
61.00
61.25
61.25
59.75
59.75
58.25
57.00
57.50
57.50
57.50
58.00
58.25
58.25
59.00
58.75
58.25
57.00
56.75
56.50
53.75
54.50
55.50
55.75
55.50
54.25
54.00
54.25
54.25
53.75
53.75
54.50
56.00
56.75
56.75
57.25
57.75
57.75
57.75
58.50
58.50
58.75
59.50
59.00
59.00
59.00
60.00
60.00
59.75
59.50
58.25
58.75
59.00
60.00
59.50
58.75
59.25
60.25
58.75
59.00
58.75
59.75
60.00
60.25
60.50
61.25
60.75
60.50
60.50
60.25
59.75
60.00
60.00
60.50
58.75
58.25
58.75
58.25
57.50
57.50
57.00
56.75
57.25
57.25
56.75
55.00
55.25
55.25
56.50
56.75
56.75
57.00
56.50
56.75
56.50
57.25
57.25
57.00
57.75
57.75
57.75
58.50
58.50
58.50
58.50
58.50
59.25
58.75
58.75
59.00
58.75
58.50
58.50
58.25
58.50
58.75
59.00
58.75
58.75
58.75
59.50
59.00
59.00
58.75
59.50
59.50
59.75
60.50
60.50
60.25
59.50
58.75
58.25
58.25
59.00
59.00
59.25
59.50
59.50
59.00
58.50
58.25
57.50
58.75
59.25
58.75
58.50
58.75
59.00
59.00
59.00
59.25
58.50
57.25
56.75
56.50
56.75
56.25
57.00
57.25
56.50
58.50
59.25
59.25
58.75
58.00
58.00
57.50
57.25
58.75
58.25
57.25
58.25
58.00
58.50
59.00
58.75
58.75
58.75
58.25
58.75
58.00
57.00
56.75
56.75
56.00
56.75
55.50
54.25
52.50
54.00
53.50
53.75
52.75
53.50
54.25
54.75
54.25
53.75
54.50
54.25
54.00
54.25
53.75
53.25
52.25
55.25
55.25
55.50
56.50
57.00
55.50
53.75
53.75
54.25
53.25
52.25
52.50
51.50
52.75
52.50
53.00
54.00
54.25
56.00
55.50
55.75
56.50
56.25
55.00
55.00
56.25
55.75
55.25
54.00
52.75
53.00
52.75
52.75
51.00
50.25
51.00
50.75
51.00
52.75
53.00
51.50
52.25
51.50
49.50
50.25
49.50
50.25
50.25
50.25
50.50
49.75
49.75
47.75
48.25
49.50
49.50
50.25
49.25
46.25
46.00
46.75
46.75
46.25
45.25
46.25
46.50
46.50
46.50
45.75
46.00
46.50
46.75
46.25
47.50
47.00
46.00
45.75
45.75
46.50
45.75
47.50
48.00
47.25
46.25
45.75
45.25
45.25
46.00
47.25
48.00
48.25
48.50
48.25
48.25
48.75
48.50
48.25
47.00
46.75
46.25
46.50
47.50
46.75
47.00
46.25
46.25
46.50
46.00
47.00
45.75
46.25
46.00
44.50
43.50
44.00
43.50
44.00
43.75
43.75
44.00
45.75
44.75
45.00
45.75
46.75
46.50
45.75
46.25
46.75
45.75
45.50
44.75
44.75
43.25
44.00
44.25
43.75
44.25
46.25
46.75
46.25
46.50
46.50
46.00
45.75
46.25
46.75
48.75
47.25
45.75
46.25
46.75
46.50
46.75
46.75
46.25
47.00
47.50
46.75
46.25
47.25
46.75
46.50
46.25
45.50
44.25
45.50
46.25
46.50
46.00
46.50
46.00
45.50
45.25
44.50
43.75
43.50
44.25
44.50
44.50
44.50
44.00
44.50
44.50
44.25
44.50
44.25
43.75
42.50
43.00
43.00
43.00
42.50
44.75
44.00
43.75
45.00
44.50
43.75
43.25
44.25
43.75
43.75
44.50
43.75
44.00
43.75
43.75
43.25
43.00
42.75
43.00
43.00
43.75
43.75
43.50
43.25
43.25
42.75
43.75
44.00
43.25
44.25
44.00
44.25
44.75
45.25
46.00
46.00
44.75
44.75
44.75
45.00
45.25
45.50
45.00
46.00
46.25
45.75
45.75
45.75
45.50
45.00
