9.00
9.00
8.95
8.95
9.15
9.15
9.15
9.15
9.10
8.95
8.95
8.95
9.00
8.90
8.75
8.45
8.50
8.55
8.65
8.65
8.45
8.70
8.50
8.45
8.45
8.45
8.40
8.25
8.35
8.50
8.50
8.45
8.55
8.55
8.60
8.85
9.10
9.20
9.05
9.20
9.15
9.05
9.00
8.90
9.00
8.85
8.85
9.00
9.00
9.00
9.00
8.95
9.05
9.05
9.05
9.05
9.00
8.90
8.95
9.00
8.95
9.20
9.80
9.65
9.50
9.45
9.50
9.30
9.60
9.65
9.65
9.80
10.10
10.20
9.95
9.80
10.00
9.70
9.80
10.30
10.00
10.30
10.10
10.10
9.85
9.75
9.95
9.95
9.95
10.00
9.80
9.80
9.70
9.45
9.55
9.50
9.45
9.40
9.25
9.15
9.15
8.95
8.85
8.60
8.80
8.90
8.90
9.10
9.10
9.10
9.20
9.40
9.35
9.25
9.35
9.30
9.20
8.95
9.05
9.40
9.25
9.25
9.25
9.00
8.95
8.55
8.60
9.00
9.10
9.25
9.25
9.30
9.25
9.35
9.30
9.30
9.20
9.20
9.15
9.10
9.20
9.05
9.15
9.10
9.20
9.05
9.00
8.95
8.90
8.85
8.70
8.75
8.80
8.75
8.95
8.95
9.05
9.05
9.15
9.30
9.20
9.05
9.05
9.00
9.15
9.15
9.15
9.25
9.10
9.20
9.15
9.25
9.25
9.25
9.45
9.45
9.75
9.85
9.90
9.80
9.70
9.85
9.85
9.75
10.10
10.20
10.00
10.10
9.85
9.85
9.60
9.50
9.55
9.80
9.75
9.95
10.00
9.80
9.80
9.70
9.85
9.75
9.90
9.95
9.85
9.80
9.95
9.80
9.80
9.65
9.90
9.85
9.85
9.75
9.60
9.60
9.55
9.60
9.80
9.80
9.85
9.85
9.75
9.70
9.70
9.90
9.80
9.80
9.75
9.70
9.70
9.65
9.70
9.75
9.65
9.65
9.70
9.70
9.70
9.60
9.70
9.75
9.80
9.85
9.80
9.70
9.80
9.80
9.85
9.85
9.95
10.00
10.10
9.95
10.10
10.00
10.00
10.20
10.30
10.20
10.00
10.10
9.85
9.85
10.20
9.90
10.00
9.70
9.85
9.95
9.55
9.50
9.70
9.60
9.60
9.65
9.65
9.70
9.70
9.55
9.70
9.80
10.00
9.95
9.95
9.90
9.90
9.95
9.90
9.90
10.00
9.95
10.00
10.00
10.00
10.00
10.20
10.20
10.20
10.20
10.20
10.00
10.10
10.10
10.00
9.90
9.85
9.85
9.85
9.90
9.90
9.75
9.75
9.75
9.85
9.90
9.95
9.90
10.00
9.95
10.00
10.00
10.00
10.00
10.00
10.10
10.10
10.00
10.00
9.95
10.20
10.20
10.20
10.30
10.20
10.20
9.80
9.80
9.75
9.80
9.90
9.70
9.70
9.65
9.65
9.60
9.65
9.70
9.75
9.65
9.70
9.75
9.75
9.80
9.80
10.10
10.10
10.10
10.10
10.00
9.95
9.95
9.85
9.90
9.95
9.90
9.95
9.95
9.90
9.90
10.00
10.10
10.20
10.40
10.70
10.60
10.20
10.40
10.50
10.60
10.70
10.70
10.90
10.90
10.80
10.50
10.70
10.60
10.70
10.30
10.40
10.40
10.70
10.60
10.40
10.60
10.50
10.60
10.80
10.90
10.70
10.40
10.30
10.30
10.50
10.40
10.30
10.30
10.40
10.30
10.40
10.30
10.30
10.30
10.40
10.40
10.40
10.30
10.30
10.40
10.60
10.70
10.40
10.50
10.60
10.50
10.60
10.60
10.70
10.60
10.60
10.80
10.90
11.10
11.90
11.40
11.60
11.70
11.50
11.70
11.50
11.50
11.60
11.50
11.60
11.80
11.80
11.20
10.80
10.90
11.00
10.90
10.90
10.90
11.00
10.90
11.00
10.90
11.00
11.00
10.90
11.00
11.20
11.00
11.00
10.80
10.80
10.90
10.80
10.80
10.90
11.00
10.80
10.90
10.90
10.90
10.90
10.80
10.80
10.60
10.50
10.60
10.50
10.60
10.60
10.50
10.80
10.60
10.70
10.70
10.90
11.10
11.10
11.20
11.00
11.00
10.90
10.70
11.00
10.80
10.90
10.90
10.80
11.00
11.00
11.00
11.00
11.00
10.70
10.70
10.60
10.70
10.90
11.20
11.20
11.00
11.20
11.10
11.10
11.10
11.30
11.30
11.40
11.40
11.10
11.20
11.30
11.40
11.40
11.40
11.30
11.30
11.40
11.30
11.10
11.40
11.30
11.00
11.00
11.50
11.50
11.50
11.30
11.10
11.20
11.30
11.40
11.40
11.50
11.50
11.50
11.50
11.60
11.50
11.60
11.50
11.60
11.50
11.40
11.60
11.50
11.60
11.60
12.20
12.10
12.00
12.10
12.10
12.20
11.50
11.60
11.80
12.10
11.90
12.00
11.80
11.70
11.30
11.30
11.50
11.50
11.50
11.60
11.80
11.40
11.50
11.40
11.30
11.40
11.50
11.40
11.40
11.40
11.40
11.40
11.30
11.40
11.50
11.50
11.60
11.60
11.40
11.30
11.30
11.40
11.30
11.40
11.50
11.50
11.30
11.20
11.00
10.90
10.90
10.80
10.90
10.70
10.70
10.70
10.60
10.50
10.50
10.50
10.30
10.20
10.20
10.20
10.30
10.30
10.40
10.60
10.60
10.60
10.70
10.80
10.80
10.70
10.60
10.50
10.20
10.00
10.20
9.90
10.00
9.95
10.00
10.10
10.30
10.30
10.20
10.10
10.40
10.20
10.10
10.10
10.10
10.10
10.00
9.80
9.85
9.80
9.90
9.80
9.75
9.85
9.80
9.80
9.80
9.90
10.00
10.00
9.85
10.00
10.00
9.90
9.85
9.75
9.75
9.75
9.75
10.00
10.10
10.00
10.00
10.20
10.40
10.70
10.50
10.50
10.80
10.70
10.70
10.60
10.60
10.60
10.70
10.90
10.60
10.60
10.60
10.50
10.40
10.40
10.40
10.50
10.50
10.70
10.60
10.50
10.50
10.40
10.40
10.50
10.60
10.60
10.60
10.60
10.60
10.60
10.60
10.40
10.40
10.40
10.30
10.30
10.70
10.60
10.70
10.70
10.60
10.70
10.80
10.90
10.90
10.70
10.70
10.70
10.70
10.70
10.70
10.80
11.00
11.00
11.20
11.10
11.00
11.10
11.00
11.10
11.20
11.00
10.70
10.70
10.60
10.70
10.70
10.80
10.60
10.50
10.40
10.60
10.50
10.70
10.60
10.50
10.60
10.40
10.60
10.50
10.60
10.70
11.00
11.10
11.00
11.10
11.30
11.30
11.30
11.30
10.90
11.00
11.10
11.10
11.10
11.10
11.10
11.00
11.00
11.10
11.10
11.10
11.20
11.20
11.10
11.10
11.20
11.10
11.20
11.20
11.10
11.10
11.20
11.20
11.30
11.30
11.30
11.30
11.40
11.30
11.30
11.20
11.10
11.10
10.90
11.20
11.10
11.10
10.90
10.90
10.60
10.90
10.90
10.80
10.80
10.90
10.90
10.90
11.10
10.70
10.80
10.80
10.70
10.60
10.70
10.70
10.70
10.60
10.50
10.50
10.30
10.40
10.30
10.30
10.30
10.00
10.00
10.00
9.85
9.85
9.70
9.85
9.60
9.60
9.55
9.55
9.55
9.65
9.60
9.70
9.70
9.70
9.70
9.90
9.90
9.60
9.70
9.75
9.75
9.70
9.60
9.55
9.70
9.70
9.70
9.85
9.85
10.10
10.20
10.10
10.10
10.00
10.00
9.95
9.95
10.00
9.95
9.80
9.90
9.90
9.95
9.95
9.95
9.90
9.80
9.85
9.80
9.75
9.75
9.75
9.70
9.70
9.60
9.50
9.55
9.60
9.60
9.75
9.70
9.70
9.75
9.70
9.75
9.80
10.10
10.30
10.00
10.20
10.10
10.20
10.20
10.30
10.30
10.30
10.30
10.20
10.20
9.90
9.90
9.75
9.75
9.50
9.55
9.65
9.60
9.30
9.15
9.25
9.55
9.55
9.55
9.55
9.65
9.55
9.60
9.50
9.40
9.40
9.35
9.25
8.75
8.75
8.20
8.50
8.40
8.25
8.50
8.65
8.85
8.65
8.20
8.20
8.15
7.05
7.25
6.70
6.60
6.60
6.45
6.80
6.00
6.00
6.25
6.35
6.50
6.40
6.70
6.50
6.65
6.65
6.95
7.00
7.25
7.20
7.45
7.65
7.40
7.10
7.25
7.40
7.35
7.25
7.20
7.10
7.20
7.30
7.25
7.40
7.30
6.55
6.55
6.70
6.75
6.70
6.60
6.45
6.55
6.65
6.90
6.90
6.80
7.10
7.30
7.25
7.30
7.30
7.30
7.65
8.00
8.15
8.20
7.85
8.00
7.90
7.80
7.45
7.60
7.70
7.80
7.75
7.55
7.65
7.70
7.60
7.65
7.55
7.60
7.80
8.10
7.95
7.80
7.80
7.75
7.70
7.55
7.45
7.60
7.55
7.60
7.60
7.80
7.75
7.80
7.55
7.50
7.35
7.40
7.35
7.45
7.65
7.55
7.45
7.50
7.70
7.80
7.80
7.75
7.80
7.65
7.55
7.60
7.60
7.70
7.75
7.50
7.45
7.40
7.40
7.35
7.40
7.25
7.20
7.30
7.25
7.30
7.25
7.25
7.15
7.10
7.00
6.90
7.00
6.90
6.90
6.95
6.95
6.80
6.90
6.75
6.75
6.80
6.90
7.00
7.00
7.00
7.00
6.80
6.75
6.60
6.55
6.50
6.45
6.40
6.50
6.50
6.40
6.40
6.45
6.55
6.55
6.75
6.70
6.95
7.20
7.40
7.30
7.40
7.50
7.60
7.75
7.70
7.80
7.95
7.85
7.85
7.95
8.10
7.85
8.05
7.95
8.20
8.20
8.35
8.50
8.15
8.25
8.40
8.50
8.65
8.05
8.10
8.00
8.15
8.15
8.00
8.10
7.95
8.10
8.15
8.10
8.35
8.55
8.25
8.20
8.30
8.25
8.10
8.10
8.05
8.10
8.10
8.10
8.05
8.05
8.00
7.80
7.80
8.00
7.95
7.95
7.95
7.90
7.95
7.95
7.95
8.00
7.95
7.95
7.95
7.95
7.90
7.85
7.80
7.80
7.90
7.95
7.90
8.15
8.05
7.95
8.00
8.05
8.35
8.45
8.55
8.45
8.45
8.50
8.45
8.60
8.55
8.60
8.55
8.65
8.65
8.70
8.65
8.55
8.50
8.55
8.50
8.35
8.45
8.40
8.35
8.30
8.35
8.55
8.40
8.40
8.35
8.35
8.35
8.45
8.60
8.65
8.40
8.15
8.10
8.00
7.90
7.85
7.70
7.75
7.80
7.90
7.90
7.95
7.90
7.80
7.85
8.05
8.00
8.05
8.10
8.15
8.15
8.20
8.25
8.30
8.35
8.40
8.45
8.35
8.50
8.45
8.45
8.35
8.40
8.25
8.30
8.20
8.15
8.10
7.95
8.05
8.00
8.05
8.05
8.00
7.95
7.90
7.95
8.00
8.00
8.05
8.15
8.10
8.00
8.00
8.05
8.00
8.05
8.00
7.80
7.70
7.80
7.90
7.95
7.80
7.85
7.90
7.90
7.95
8.05
8.05
8.05
8.00
8.05
8.15
7.95
8.05
8.10
8.15
8.15
8.15
8.15
8.25
8.15
8.15
8.05
8.05
7.95
8.00
8.10
8.10
8.15
8.25
8.05
8.10
8.10
8.10
8.10
8.10
8.05
8.00
7.95
7.95
8.00
8.00
7.95
8.00
8.00
8.05
8.05
8.05
8.15
8.25
8.20
8.20
8.35
8.55
8.50
8.45
8.40
8.45
8.45
8.45
8.45
8.50
8.50
8.55
8.50
8.60
8.60
8.65
8.70
8.80
8.85
8.85
8.75
8.85
8.80
8.80
8.80
8.55
8.50
8.35
8.40
8.40
8.40
8.50
8.55
8.65
8.75
8.70
8.65
8.80
8.70
8.55
8.55
8.55
8.65
8.70
8.70
8.75
8.85
8.80
8.90
8.85
8.75
8.65
8.65
8.75
8.80
8.75
8.95
8.90
8.80
8.90
9.25
9.15
9.15
9.25
9.35
9.40
9.90
9.80
9.70
9.75
9.75
9.65
9.70
9.70
9.85
9.85
9.70
9.65
9.75
9.75
9.80
9.65
9.45
9.55
9.40
9.60
9.60
9.60
9.65
9.55
9.50
9.30
9.15
9.30
9.25
9.25
9.05
9.10
9.20
9.30
9.55
9.25
9.30
9.35
9.35
9.35
9.40
9.45
9.55
9.50
9.45
9.50
9.45
9.35
9.40
9.40
9.40
9.30
9.30
9.35
9.40
9.40
9.35
9.55
9.50
9.50
9.55
9.45
9.00
8.95
8.70
8.85
8.80
8.70
8.65
8.80
8.95
8.80
8.80
8.90
8.80
8.75
8.70
8.75
8.90
8.95
8.95
8.95
8.95
8.95
8.95
8.80
8.60
8.25
8.35
8.30
8.20
8.25
8.20
8.25
8.20
8.25
8.25
8.30
8.40
8.45
8.35
8.40
8.35
8.15
8.25
8.30
8.25
8.25
8.20
8.10
8.15
8.15
8.20
8.20
8.20
8.30
8.35
8.40
8.50
8.65
8.65
8.65
8.65
8.65
8.70
8.75
8.75
8.80
8.85
8.90
9.00
9.00
9.00
9.00
9.00
8.95
8.80
8.70
8.70
8.85
8.90
8.70
8.75
8.70
8.75
8.70
8.75
8.95
8.95
8.95
8.85
8.90
8.95
8.80
8.80
8.75
8.75
8.80
8.85
9.15
9.05
9.00
8.90
8.70
8.80
8.85
8.80
8.75
8.70
8.55
8.70
8.95
8.95
8.90
8.90
8.90
9.05
9.15
9.30
9.25
9.20
9.20
9.30
9.30
9.20
9.25
9.30
9.30
9.45
9.50
9.40
9.35
9.20
9.35
9.30
9.30
9.35
9.45
9.30
9.35
9.35
9.45
9.60
9.60
9.45
9.55
9.60
9.60
9.55
9.60
9.60
9.60
9.70
9.80
9.80
9.75
9.80
9.85
9.85
9.95
10.00
10.10
9.90
9.85
9.90
9.70
9.85
9.80
9.85
9.80
9.80
9.80
9.70
9.70
9.65
9.70
9.65
9.65
9.65
9.75
9.80
9.90
9.95
9.90
10.00
9.90
9.95
9.85
9.90
9.75
9.75
9.90
9.80
9.75
9.80
9.75
9.75
9.80
9.85
9.80
9.75
9.70
9.70
9.80
9.85
9.80
9.55
9.65
9.80
9.75
9.60
9.60
9.25
9.50
9.50
9.60
9.55
9.60
9.60
9.75
9.60
9.75
9.70
9.75
9.80
9.85
9.80
9.80
9.70
9.80
9.80
9.90
9.85
9.95
9.90
9.80
9.80
9.80
9.80
9.70
9.75
9.80
9.80
9.70
9.60
9.50
9.50
9.20
9.25
8.85
8.80
8.75
8.50
8.60
8.60
8.70
8.80
8.70
8.65
8.65
8.60
8.55
8.50
8.45
8.40
8.45
8.55
8.65
8.60
8.55
8.50
8.55
8.55
8.55
8.50
8.45
8.40
8.40
8.35
8.25
8.25
8.20
8.25
8.45
8.45
8.45
8.40
8.40
8.40
8.35
8.40
8.40
8.40
8.50
8.55
8.45
8.50
8.45
8.55
8.50
8.55
8.55
8.50
8.50
8.45
8.40
8.40
8.40
8.35
8.35
8.40
8.45
8.35
8.35
8.35
8.35
8.35
8.45
8.40
8.25
8.30
8.35
8.35
8.35
8.30
8.25
8.25
8.35
8.40
8.45
8.40
8.35
8.25
8.30
8.25
8.20
8.15
8.05
8.05
8.05
8.00
8.00
7.90
7.90
7.80
7.80
7.80
7.75
7.70
7.60
7.70
7.90
7.80
7.90
7.80
7.75
7.70
7.60
7.55
7.50
7.25
7.30
7.25
7.35
7.60
7.55
7.45
7.55
7.60
7.65
7.60
7.60
7.60
7.55
7.60
7.45
7.65
7.65
7.65
7.80
7.80
7.80
7.80
7.70
7.70
7.70
7.70
7.70
7.75
7.60
7.60
7.60
7.65
7.65
7.60
7.60
7.75
7.75
7.70
7.85
7.85
7.85
8.00
8.05
8.00
8.15
8.10
8.15
8.20
8.05
8.00
7.95
7.95
7.95
7.95
7.90
7.95
7.65
7.70
7.60
7.50
7.50
7.80
7.70
7.60
7.70
7.65
7.65
7.60
7.65
7.60
7.65
7.60
7.60
7.60
7.60
7.65
7.60
7.45
7.45
7.45
7.35
7.55
7.55
7.55
7.45
7.55
7.60
7.50
7.45
7.20
7.25
7.10
7.20
7.05
7.00
7.15
7.15
7.05
7.05
7.00
7.05
7.00
7.00
7.10
7.45
7.45
7.35
7.40
7.35
7.50
7.45
