19.5
19.5
20
20
20.1
20.3
20.4
20.3
20.3
20.2
20.2
20.1
20.1
20
19.9
20
20.1
20.1
20.5
20.1
20.3
20.2
20.2
20.1
19.9
20
19.9
19.9
19.8
20.3
20.1
20.1
20
20.1
19.9
19.9
20
20
20
19.9
19.9
19.8
19.5
19.2
19.5
19.3
19.1
19.9
19.9
19.7
19.8
19.5
19.8
20
19.8
19.8
20.1
20
20
19.5
18.9
18.7
18.5
19
19.1
19
19.1
19
18.9
18.7
18.7
19.1
19
18.9
18.9
18.9
18.7
18.6
18.7
18.9
19.1
19
18.9
18.9
18.8
18.8
18.8
18.6
18.3
18.6
18.6
18.5
18.6
18.5
18.4
19.2
18.7
18.6
18.4
19
18.6
18
18
17.7
17.9
17.9
18
18.2
18.3
18.2
18.1
18.3
18.5
18.4
18.2
18.2
18.3
18.5
18.2
18.4
18.4
18.5
18.4
17.7
17.8
16.9
16.7
18.1
18.1
18
18.1
18.3
18.9
19.5
18.7
19
18.8
18.8
18.8
18.8
18.7
18.6
19.2
19.4
22.5
23.3
22.7
21.3
22.5
23
22.9
22.7
22.2
23.2
23.4
23.4
24.9
25.5
26
27.25
26.25
26.25
27.5
28.25
27.25
27.5
26.5
25.25
26.75
26
25.5
24.6
25.25
24.3
23.8
24.8
25.25
25
25.25
24.7
24.6
25.75
25.75
24.8
25
24.9
24.9
24.8
25.75
25
24.9
25
26
26.5
26
27.75
27.25
29
29
28.25
29
28.75
29
29.5
29.75
30
29.25
28.75
29
28.25
28.75
28.75
29.25
29
30.25
29.5
30
29.75
31.5
31.25
32
31.5
30.25
30
30
30
29.25
27.75
29.75
30.5
32
31
31.5
30.5
30.5
30
30.5
30.25
31.5
31.5
31.25
31
31.25
31
31.25
31
31.25
31
31.25
30.75
30.5
29.75
29.5
30
29.25
29.5
29.75
29.5
30
29
28.75
28.75
29
29.5
29.5
29.75
29
30.5
30.75
32.5
32
32.75
32.25
33
32.75
33.25
32.75
31.75
32
32.25
31.75
32
33.5
33.75
33.75
34.25
34.5
34.5
34.25
35.75
35.25
35
34.75
34.5
35.5
35.5
35.25
36
35.25
35.25
34.5
33.5
34.5
34.75
33.5
34
34.5
35
35.25
35.75
35.75
35.75
35
35
35
35.25
36
35.5
35.5
36
35.75
35.5
35.5
35.5
35.5
34.75
35.25
34
34.25
34.25
34.75
34.5
32.75
31.75
32.5
32.25
32.25
32.5
32.5
33.25
34
33.5
34
34.25
34.5
34.25
33.75
33.75
33.5
34
33.75
33.75
34
34
34.25
34
34
34
34.75
35.25
35
34.25
35
35.25
36.75
36.75
35.75
36.25
35.75
35.5
35.5
35.5
37.5
38
38.25
37.25
36.5
37.5
38.25
38.25
38.25
39.5
39.25
39
38.75
39
39.5
39
39.75
39.25
39.25
39.5
39.75
39.5
39
38.5
38
37.25
37.5
37.25
37.25
37.75
38.25
38.5
38.75
38.75
38
38.5
38.25
38.5
38.5
38.5
38.5
39.5
39.5
39
39.25
39
39
39
39.25
38.75
38.75
38.75
40
41.5
40.5
40
40
39.5
39.25
39.5
39.75
39.75
39.25
39.25
39.25
39.75
40
39.75
40.5
42
42
42.75
42.75
42.25
41.75
41.5
40.25
40.75
41.75
41.5
42.25
43.25
43.5
43.25
43
43.5
44.25
42.75
43.5
44
44.75
42.75
43.25
43
43.25
43.25
42.5
40.75
38.25
37
38.5
40.25
40.5
40
39.25
37.75
38
38.25
38
38.5
38
38
38
38.5
38.75
35.75
33.25
34.75
34
33.75
34.5
34.25
35
37.25
37.75
39.75
38.75
38.5
37.75
37.5
37.5
36.5
35
36.5
37.25
37.5
37.25
38
39
40.25
39.5
37.75
37.25
36
36
37
36.75
36.75
36.25
35.5
34
32
31.25
32
32.25
34
35
34.25
34
33.75
34
34.25
34
35.75
35.25
34
33.75
33.5
33.5
33
33.25
33
33.25
33
33.5
33
35
34.5
34.75
34.75
35.75
35.75
37
37.75
36
36
36.75
37.5
37.75
37.5
37
38.5
38.75
40.25
39.75
38.75
40
39.25
39.25
39
40
39.75
39.75
38.75
39.25
40.75
40.5
40
40.25
40.25
40.5
41.5
41.75
41.5
41.5
41.75
41.75
40.5
40.5
39.5
40
39.75
39.75
39.75
42
42.5
41.5
42.25
43.5
43.5
43.5
43
43
44
45.25
48.25
48.25
48.75
51.75
50.25
51.5
51
49
51.25
50
52.75
52.75
52.75
52.5
51
51.75
50.25
50
50
49.5
50.25
52.25
51.25
54.5
53.5
53.5
51.5
51.25
50
49.25
50
50.75
49.5
49.75
50.25
47
49
47.5
47.75
49
49
48.5
50
49.25
50.25
49.25
48.75
49.25
48.5
48.25
47.25
47.75
47
46.75
48.5
48.75
49
49.5
48.25
48.25
48.25
49
49.25
49.25
48.25
49
49
49
48.75
48.75
48
46
46.25
45.25
43
44
46.5
47
47.5
47.75
47.5
46.25
46.25
47.5
47.75
48.25
48
49
49
48.75
48.75
48.25
49.75
49.5
49
48.25
48.75
48.5
48.5
49
48.5
47.25
47
44.5
45
44.75
44
44.75
44.25
43.5
44
45.5
45.25
45
45.25
45.75
46
46.25
46.25
44.75
45
45.25
44.5
44
45.5
47.75
48.25
48.5
48.75
49
49.5
49.75
49.5
51.5
51.5
51
50.75
50
51.25
51
51
51
51.5
51.75
51.5
51
47.75
48.25
48.5
48.5
48.25
48.5
47.75
47.75
48.25
49.5
49.5
50.25
52.25
53.75
52.75
53.5
53.75
55
55.75
55
55.25
55.5
56
56
56.5
56
56.25
56.5
56.5
57
56.75
55.75
55.75
55.75
57.25
56.5
57.5
57.25
57
57
57.25
56.5
55.5
56.75
56
55
55.25
55
58
58.25
57.25
58.25
58.25
59.25
59.25
59.25
60.5
60.5
60.75
59
60.5
64
58.75
53
50.75
51.75
52.25
54.25
54.25
53
53.75
53
53
52.5
52.25
52.25
54.25
55
55.5
54.5
55.25
56.25
57.75
57.25
57.25
55.25
55
55.75
55.25
57
57
56.5
55.5
55.25
53.75
54.5
55.75
57.25
57
56
55.75
55.75
57.75
57.75
57.5
57.5
57.25
58.5
59.25
60.25
60.5
60.5
60.5
61.5
61
60.25
61
61.5
61
62
61.5
62.5
59.5
59.75
60
61.25
60.5
60.25
59.75
60.25
60
61
60.75
61.5
61
61.25
61.25
60
60.25
59.5
60.25
59.75
60.75
60.25
59.25
58.5
58
60.75
61.75
61
60.75
61.25
62.75
62.5
63
63
62.75
63.25
63.5
63.75
64.25
64.75
63.75
62.25
60.5
62
61.75
62.75
62.5
62.5
62.75
64
63.5
63.25
64.75
66.5
66.25
65.25
64.25
65
65.5
65
64.25
65.5
67.5
67.75
67.25
66.5
67.75
68
68.25
66.5
64.75
61.5
60.5
61.5
59.25
62.5
58.5
60.75
57.5
55
59
60.25
61
59.75
56.75
59.75
56.75
51.25
54.25
47
40
39.75
35.75
41
35
31
31.5
34.25
36
34
35
29.75
31.75
31.25
35.25
38.25
39.25
44.5
47.25
45.75
44.75
41.75
45.25
46
45.25
45.75
45.5
45
46
48
47.5
47.5
46.25
45
45
47
47.75
50
49.25
50
49.25
51.75
54
56.75
56.5
55.5
55.25
54.75
53.5
55.75
55
55
56.5
57
57.5
56.25
56.75
57
57.75
54.5
54.5
53.75
55.5
55
53.75
52.75
53
52.5
52.25
51.25
52
52.75
55
54.5
54.5
53
53.5
53.5
52
51.5
54
52.75
54
53.25
54.25
53
53.5
51
49
49
50
49
51.25
49
48.75
48.5
47.25
48.5
49
50.5
49.75
50.75
49
49.5
48.5
48.75
48.75
50.5
51.5
51.75
49.75
50
50
49.25
48.5
50.75
50
49
48
48.75
52
50.75
51.75
52.25
52.75
53
51.25
51
51.5
50.75
49.25
50.25
50
50.25
50.5
52.25
52.25
51.25
51.5
51.75
52.5
51.75
51
51.5
51.75
52.5
51.25
53.25
54.25
53.25
54.75
56.75
56.5
55.25
56.25
55.5
56
55.75
58
57.75
57
56.5
55.25
56
54.75
54.25
54.75
53.5
54.5
55
56.25
54
54.25
53.75
54.25
55.25
56.25
55.75
55.25
55.75
56.5
57.25
59.75
55.5
56.75
57
58
59.5
58.75
60.25
59
59
60
59.5
63.5
63.25
64.75
66
65.5
65.75
65
64.75
66.5
66.75
66
65.5
65.75
66
67.5
64
65.75
66.25
66.5
67.5
67.25
67.75
66.75
67
66.5
66
65.75
66.5
65.25
66.25
66.75
64.75
65.75
66
65.25
66.25
64.5
66.75
71
70.25
71.5
69.75
70.25
69.5
68.75
68.5
69.5
68.75
68.5
68.75
69.25
69.75
70.5
71.25
69.25
69
70
70.75
69.75
68.5
68.25
66
65.5
67.5
65.5
65.5
66.5
69
69
68
66.75
66.75
66.75
65
64.75
64
60.5
62.25
63.75
62.5
59.75
56.5
57.5
57
57
57.25
58.25
57.5
57.75
59.25
62
61.75
61.5
62
63.5
62.5
62.5
62
62.25
62.25
62.25
64.25
63.5
61.5
60.25
60
60.25
58.25
58.25
57.25
57.25
57.25
57.25
58
57.5
57.75
57.5
58
58.5
59.25
57.25
58
58.25
60.5
62
62
63.5
64
63.25
63.75
63.25
63.25
62.5
60.25
59.75
59.25
60.75
61.75
61.5
61.75
62.25
60
57
55.5
55.75
55.5
61
60.25
60.75
63.25
63
63.75
63
63.5
63.75
64.75
62.5
62
62
61.5
60.25
60.75
60.5
61.75
63.5
63
63.5
63.5
63.5
62.75
62.75
62.75
60
58.25
58.5
58.25
58.25
59.25
60
61
60.5
62.5
62.5
61.75
61.25
60.5
60
60.5
59.75
60.25
60.25
59.5
59.25
59.25
59.5
60.5
60.5
60
60.5
64
63.5
63.25
63.25
61
60
60.25
59.75
59.75
60.75
60.75
60.25
60.5
59.5
58.75
58.5
57.75
57
56
56.25
56.25
56.25
56.25
58
58.25
59
58.75
58
58.5
57.75
57
57
57
56.5
56.75
56.5
57
58.25
58.75
59
59.25
58
57.5
57.5
58
58.25
59.25
60.25
60.5
59
58
57.5
57.25
56.5
56.25
56.25
56.25
56
56.25
56.75
56.75
57
56.75
57
57
57
58.25
57.5
56.75
54.5
53.75
53.75
53.25
52.5
52.75
51.75
51.5
51.5
51.5
51.75
52
51.5
49.5
50
51.75
52
51.75
51.5
51.5
52.5
53.5
53
53.5
52.75
52.75
52.5
52.25
51.75
51.75
52.5
52.5
52
52
51.75
50.5
50.75
50.5
50
50
50.25
50
51.25
50.5
48.5
47.75
46.5
46.25
46.25
45.75
44.5
43.75
42.5
45.75
44.5
40.5
42.25
44.25
45
43.75
44.75
44.75
43.75
44.25
47.25
47.5
50
49.25
49
49
48.5
47.75
49
49
47.75
45.5
45
44.5
42.75
43.25
43.5
43
42.25
43.5
43.5
44.25
44
43.75
42.75
43
42.5
40.75
42
42.75
42.5
43
42
42
42.25
43.25
44.25
45
45.5
46.25
47.5
48.25
48.25
49
48.75
48.75
50.75
50.5
51
51
47.5
45.75
46
45.5
45.5
45.25
44
43.5
43.5
43.25
43.75
44
43.25
42.5
42.5
42.25
43.25
43.25
42.75
42.5
42.25
42.5
43.75
43.5
43.25
43
42.5
42
41.75
40.5
40.5
39
37.75
37
37.25
36.25
36.25
34.75
34.75
35
36.5
35.75
33.75
34
34.25
33.75
34.75
35.5
35.75
35.75
35.5
35
36.5
36.5
36.25
37
36.75
36.25
37
37.5
37.75
34.75
34.5
36.5
36.5
37
36.5
35.5
35.25
35.75
36.25
36.25
36.75
37.25
36.75
37
37
38.25
38.5
38.75
38.5
38.75
39
38
39
39
38.5
38.25
37.25
36.25
36.75
37.25
37.5
38
38
38.5
38
37.5
36.75
36.75
37
41
41.25
40.25
40.25
41.25
41
41.25
41.5
41.25
39.25
39.25
39.75
39
38.25
38.5
38.25
37.5
38.5
39.25
39.5
38.75
37
36.5
36.5
36.25
37.5
37
35
35
34
35
35
34.5
34.75
35
35
35
34.75
33.5
33.5
33.5
33
33.25
32.5
31.25
31
31.75
31.75
32.25
32.5
33
33.25
34
33.75
33.75
34.75
34.75
34.25
34.5
34.5
34.5
33
34
35.25
36.25
36.75
37
37
36.75
36
36
35.5
34.5
34.75
33.5
34
33.75
35.5
36.75
37
39.75
39
39
38.5
39
38.5
38.75
39
39
39.75
40
40.25
40.75
40.25
41
41.25
40.75
41.25
40.5
40.5
41.25
41.25
41.75
42
41.75
39.75
39.5
40
39.5
38.75
38
38.5
37.25
37.75
37.5
38
39.25
39.75
39.75
39.75
37.75
37
36.25
35.75
35.5
35.75
36.25
37.75
37.25
37.75
36.5
36.5
34.75
35
34
36
35.5
35.25
34.75
34.5
34.75
34
37.5
38.75
38.25
37.75
36.75
37.75
38
39.25
40.5
40
40
40.5
39.5
40.5
41.25
40.75
40.25
39.75
40.25
39.5
39.25
40.5
40.25
40.5
40.25
40.75
40
38.75
38.25
38.25
38.5
38.75
37.25
35.75
36.75
35
36
35.75
35.25
35.5
37
35
34.25
35.5
36.5
37
37
37.25
36
35.25
35.25
36.5
36.5
36
36.75
36.75
36.5
37.25
39.5
39.75
40
39.75
41.25
42
41.5
41.75
41
43.75
43
43.75
44.25
44.5
44
44
43.25
43
44
44.75
43.75
43.75
43.75
44.25
44
43.25
43.75
42.75
44.25
44.25
44.75
43.5
44.25
45.25
45
46.75
45.5
44.5
45
46
46
45.5
44
44.75
44.75
46.5
46.25
46.25
44.25
43.5
43
42.25
42.75
40.75
40.75
42.75
41.75
41.75
41.75
42.75
42.5
42.75
44.75
44.25
44.25
44.5
44.5
45
44.75
44.75
43.5
44.75
44.75
44.25
43.5
46
46.25
45.5
46.25
45.75
45.75
45.75
46
45.75
45.75
45.75
46.75
46.25
46.25
46
46.5
46.5
46.75
46.25
47
46.75
46
45.75
45.75
46.75
46.5
47.25
47.25
46.75
46.5
