29.25
34.00
32.75
29.50
30.25
31.50
31.75
31.00
30.75
29.50
28.75
29.25
29.75
29.75
30.25
29.75
29.75
30.50
30.25
30.25
30.00
29.75
33.00
33.00
32.00
31.75
32.25
33.00
32.00
32.75
32.75
32.50
32.25
32.25
32.25
31.75
31.25
31.50
31.00
30.25
30.50
30.75
30.25
30.25
30.00
30.00
29.50
29.75
30.00
30.75
30.50
29.50
29.75
29.75
29.25
29.00
28.50
28.50
28.50
28.25
29.25
29.25
29.25
29.50
29.75
30.00
30.00
30.25
30.00
32.00
31.25
31.25
31.00
30.00
30.75
30.25
31.00
31.25
31.00
31.25
31.00
31.25
30.75
30.75
30.50
30.25
30.50
30.00
30.25
30.50
30.25
30.00
29.75
30.00
29.75
29.00
29.00
29.00
29.00
29.00
28.75
28.75
28.75
28.50
28.50
28.50
28.50
28.75
28.25
27.75
28.00
28.50
28.00
28.00
27.50
28.25
28.00
28.25
28.00
28.00
28.25
28.75
28.50
29.00
30.00
29.50
29.50
29.50
29.50
30.00
30.25
30.00
29.75
29.25
29.25
29.25
29.25
28.75
29.00
29.00
29.00
29.00
28.75
29.00
28.50
28.25
28.50
28.50
28.00
27.75
28.00
27.50
27.50
27.50
27.75
28.00
28.75
28.75
28.50
28.50
28.25
28.50
28.25
27.75
28.00
27.75
27.75
28.00
28.00
27.75
27.50
27.00
27.00
26.50
26.00
26.25
26.25
26.00
26.25
27.00
26.75
26.75
26.75
26.50
26.50
26.75
26.50
26.25
26.25
26.00
25.50
25.25
25.00
25.00
25.25
25.00
25.25
25.75
25.50
25.50
25.50
25.25
25.75
25.50
25.50
25.25
25.50
25.50
26.00
27.00
27.25
27.25
27.00
27.25
27.25
26.25
26.25
26.25
26.25
26.00
26.25
25.75
25.75
25.50
25.50
25.00
25.25
25.25
25.00
25.00
24.20
24.30
24.60
24.60
24.60
24.50
24.40
24.50
25.25
25.75
25.50
25.00
25.25
25.50
27.00
27.25
27.00
26.75
26.75
26.25
26.25
25.75
26.25
25.75
25.50
25.50
24.70
24.70
24.90
25.00
25.50
25.75
25.25
25.25
25.50
25.25
25.25
25.50
25.00
25.25
25.00
25.25
25.00
25.25
25.00
25.00
25.00
25.50
25.50
25.25
25.25
25.00
24.90
25.00
25.00
25.00
24.90
24.80
24.40
24.30
24.40
25.00
24.90
25.00
25.00
25.25
25.25
26.50
26.00
26.50
26.00
26.50
26.50
26.50
26.75
26.75
27.00
27.00
27.00
27.25
27.75
27.50
27.75
27.75
27.75
27.50
27.00
27.00
26.00
26.25
26.25
25.75
25.75
25.75
26.25
26.00
25.75
26.00
26.25
26.50
26.25
25.50
25.50
25.50
25.50
25.50
25.75
25.75
25.75
25.25
25.75
25.75
26.00
25.50
25.50
25.25
25.75
25.25
25.25
25.25
26.50
26.75
26.75
26.75
27.00
27.00
27.00
27.00
27.00
27.25
27.00
27.25
27.00
26.50
26.75
26.50
26.50
27.00
27.00
26.50
26.75
27.25
27.00
26.75
26.50
26.75
26.75
27.00
27.50
27.25
26.75
27.00
26.75
26.50
26.50
26.50
26.50
26.75
26.25
26.25
26.25
26.00
25.75
25.75
25.50
26.00
26.00
26.00
25.75
25.50
25.50
25.50
25.50
25.25
25.50
25.75
25.75
25.75
24.70
24.10
24.20
24.10
24.40
24.40
24.40
24.40
24.40
24.90
24.30
24.30
24.60
24.40
24.40
24.30
24.30
24.20
24.30
24.40
24.30
24.20
24.30
24.30
24.40
24.40
24.40
24.30
24.30
24.20
24.10
24.30
24.20
24.30
24.10
23.50
23.40
22.80
22.80
23.10
23.00
23.10
23.50
23.70
23.90
23.80
23.50
23.50
23.30
23.50
23.60
24.00
24.10
23.80
23.60
23.70
23.60
23.60
23.80
23.70
23.50
23.30
23.00
22.80
22.60
22.50
22.40
22.30
22.40
22.50
22.50
22.30
22.20
21.80
21.70
21.60
21.60
22.70
22.70
22.50
22.50
23.00
23.00
22.80
22.50
22.10
21.90
21.60
21.70
21.60
21.70
21.10
20.90
20.60
20.30
19.80
20.20
19.90
20.10
20.30
21.00
21.40
21.30
21.00
21.00
21.10
21.10
20.90
21.30
21.40
21.30
21.00
21.00
21.30
21.20
21.40
21.80
22.20
22.20
22.00
21.90
21.80
21.40
21.60
22.20
22.20
22.30
22.20
22.40
22.20
22.80
22.80
23.10
22.60
22.60
22.50
22.10
20.80
21.00
21.10
21.10
20.60
20.80
20.50
20.20
20.00
20.00
20.10
20.00
20.00
20.50
20.80
20.60
20.80
20.80
20.80
21.00
21.00
21.30
21.20
20.90
20.90
20.60
20.50
20.30
20.50
21.20
21.10
21.30
21.10
20.90
20.70
20.90
21.00
20.50
20.70
20.90
21.30
21.40
21.50
21.30
21.30
21.20
21.60
21.40
21.10
21.40
21.30
20.90
20.80
20.90
20.80
20.90
20.60
20.50
20.20
20.30
20.50
20.10
20.30
20.50
20.40
20.50
20.70
20.90
20.80
20.90
20.40
20.20
20.20
20.30
20.10
20.10
20.00
19.80
20.00
19.50
19.70
19.80
19.70
19.40
18.80
19.00
19.00
18.80
18.70
18.60
18.10
18.70
18.50
18.10
17.90
18.10
17.90
18.20
18.20
18.90
18.60
18.30
18.40
18.40
18.10
17.80
18.00
18.20
18.00
18.40
18.40
18.30
18.20
18.40
18.90
18.90
18.60
18.70
18.70
18.20
18.10
19.20
19.30
19.80
19.90
19.80
20.00
20.10
20.10
20.10
20.10
20.10
20.10
19.90
20.20
20.30
20.30
20.20
20.00
20.00
19.70
20.30
20.10
20.10
20.00
20.00
19.90
19.90
20.00
19.50
19.10
19.10
19.50
19.30
19.60
19.40
19.20
19.30
19.30
19.30
19.30
19.00
18.90
18.50
18.40
18.30
18.10
18.10
18.50
18.30
18.20
18.30
18.20
17.90
18.00
18.10
18.00
18.20
18.20
18.00
18.10
18.10
18.80
18.10
18.10
18.40
18.60
18.80
18.70
18.90
18.40
18.20
18.50
18.10
18.10
18.10
17.80
17.90
17.80
18.00
18.10
17.90
18.00
18.30
18.20
18.40
18.00
17.90
18.00
18.00
17.80
17.90
17.80
17.60
17.90
18.10
18.20
18.30
