28.00
27.50
27.20
28.00
28.40
28.60
28.80
29.80
30.30
31.30
31.00
30.30
30.20
30.30
30.30
30.40
29.70
29.30
29.90
29.40
29.20
30.50
30.00
30.70
31.20
31.10
30.30
29.90
29.50
30.00
30.50
30.70
31.00
30.10
29.90
30.50
30.60
30.80
30.90
31.70
31.90
31.70
31.60
31.70
31.90
31.30
31.70
31.80
31.90
32.00
32.40
30.80
30.90
31.20
31.20
31.30
31.40
31.20
31.00
31.40
31.20
30.90
31.30
31.50
32.40
32.70
33.70
33.60
34.20
33.90
32.90
33.00
33.40
33.00
32.70
31.90
32.10
33.20
33.50
33.70
33.80
33.70
33.80
34.40
34.40
34.20
34.70
34.90
35.00
34.50
34.70
34.60
35.10
35.20
35.40
34.90
34.50
33.50
33.30
33.30
33.30
33.30
32.50
31.10
32.30
32.10
31.90
32.60
32.90
32.60
33.30
33.70
33.30
33.10
33.10
32.90
34.20
33.90
34.70
34.60
34.70
34.70
34.50
33.50
33.70
33.70
33.80
35.30
35.20
35.50
35.40
35.70
35.20
35.40
34.70
35.10
34.90
34.60
34.60
34.20
34.00
33.70
34.60
34.90
34.50
34.10
33.50
32.70
33.70
33.70
34.00
34.40
34.10
34.40
35.00
34.90
34.80
34.40
34.20
34.90
36.40
35.60
36.70
36.50
36.20
36.90
36.80
36.60
36.20
36.30
36.50
36.40
36.30
36.30
36.50
36.50
36.50
36.90
37.50
37.20
38.00
38.70
38.90
38.30
38.80
38.50
38.30
38.60
38.90
38.70
38.50
38.50
38.60
38.90
40.80
41.00
42.00
41.80
41.80
40.40
40.40
40.40
41.00
41.60
41.00
40.80
39.40
39.60
38.60
39.70
39.40
39.60
39.70
39.70
40.20
39.80
39.90
40.00
39.70
39.90
39.90
39.60
38.80
38.90
39.40
39.00
39.00
39.40
39.70
39.50
39.70
39.60
40.20
40.60
40.60
40.20
40.80
40.40
40.40
39.50
39.50
38.70
39.20
39.20
39.00
39.20
39.50
39.40
39.70
39.30
39.20
39.30
39.20
39.00
38.90
39.00
38.80
38.80
38.90
38.90
38.90
39.00
39.00
38.90
38.70
38.60
38.10
38.60
39.30
38.90
39.20
39.30
39.30
39.30
39.50
39.40
39.30
39.40
39.20
39.30
39.00
39.10
38.30
38.50
38.50
38.20
38.30
38.10
38.50
38.40
38.00
37.90
38.00
38.40
37.70
37.80
38.00
37.90
38.00
37.70
37.50
37.00
37.30
37.40
37.30
36.90
37.40
37.30
37.20
37.60
37.40
37.60
38.00
38.00
37.80
37.80
37.80
38.50
38.80
38.80
38.80
38.60
38.10
38.00
38.10
38.20
38.20
38.40
38.20
38.10
38.40
38.40
38.50
38.90
39.30
39.20
39.40
39.30
39.40
39.40
40.00
40.20
39.90
40.00
39.90
40.00
39.80
40.60
40.60
40.40
40.60
40.40
41.00
41.20
41.60
42.00
41.60
41.40
40.60
41.20
41.80
41.80
41.40
40.80
41.80
42.20
42.40
41.80
42.00
41.80
42.80
43.00
42.40
42.80
43.00
42.20
41.60
41.00
41.00
41.00
41.60
42.00
42.00
42.00
41.60
41.60
42.20
42.40
42.00
41.60
41.40
41.40
41.80
41.20
41.00
41.80
41.60
41.40
41.40
41.20
41.40
41.60
41.40
41.20
41.20
42.00
42.00
42.20
42.00
42.20
42.80
42.60
43.00
43.20
43.60
43.80
44.00
43.80
44.60
44.80
44.00
44.00
43.80
44.00
45.00
47.20
46.80
46.60
46.60
47.00
47.20
47.00
48.40
48.20
48.40
48.00
47.80
48.40
48.80
49.20
48.60
49.00
49.80
49.00
49.20
49.80
50.20
50.00
48.40
48.40
48.00
48.00
48.80
48.80
48.00
48.60
48.60
48.80
49.00
52.20
54.00
53.80
56.60
57.40
56.80
55.60
56.20
55.20
54.00
53.20
53.40
55.80
56.60
56.00
55.80
54.80
53.60
54.20
54.20
54.40
55.00
56.00
56.00
56.00
54.80
55.20
55.20
54.60
53.20
54.20
55.00
55.20
54.60
55.00
54.60
55.00
58.00
58.80
57.20
58.00
57.50
56.50
56.50
56.50
57.00
57.50
56.75
56.75
55.50
56.25
56.00
56.75
57.00
56.50
56.50
57.25
57.00
57.00
55.25
53.50
50.75
52.00
50.25
51.50
52.25
51.50
51.75
52.00
52.50
52.25
51.00
50.75
51.50
51.00
51.00
50.00
49.00
47.75
48.75
47.50
48.00
48.00
48.00
48.00
47.50
48.00
47.75
47.50
47.75
46.25
46.25
47.00
48.75
48.50
48.00
47.50
47.50
47.75
49.50
49.50
51.50
51.00
50.25
51.00
51.75
51.25
52.50
52.00
51.75
51.50
52.25
53.00
52.50
51.75
51.75
51.00
50.50
51.50
52.25
51.75
51.75
52.00
51.75
52.00
52.50
52.50
52.00
52.50
52.75
52.25
50.50
50.50
50.00
50.25
48.75
49.50
52.00
51.75
51.00
52.00
52.50
53.50
53.75
54.00
54.00
54.25
54.00
54.25
54.75
54.50
53.50
53.00
52.50
51.75
52.25
54.00
51.00
51.50
51.00
51.00
51.00
50.50
50.25
48.50
49.50
48.25
48.75
49.25
51.00
49.50
49.75
49.25
49.75
50.25
50.75
49.75
49.75
50.00
49.00
48.75
48.75
48.75
48.50
48.25
48.00
48.75
48.50
48.75
49.00
49.25
49.25
51.75
51.50
50.25
49.50
49.25
49.00
47.50
47.75
48.00
47.25
47.00
46.75
47.50
47.50
45.25
45.50
45.50
46.00
46.25
45.50
46.75
48.00
48.00
48.25
48.75
49.25
48.00
47.75
47.50
47.25
48.25
48.75
49.50
49.50
49.00
48.75
48.75
48.25
48.25
48.50
49.50
49.25
49.25
48.75
49.00
48.50
48.25
48.50
49.00
48.25
48.25
48.50
49.00
48.75
49.25
49.75
49.00
49.25
48.50
48.75
48.75
48.75
47.50
47.75
47.50
47.25
47.25
47.75
48.00
48.25
47.75
48.50
48.25
48.25
48.75
47.75
48.00
47.50
47.50
48.00
48.00
48.00
48.25
48.00
47.75
48.00
48.25
48.25
48.00
48.50
48.75
48.50
49.25
49.50
49.50
49.50
49.25
48.75
48.75
49.00
49.25
48.75
48.00
47.50
47.75
47.50
47.25
47.25
47.00
46.50
46.25
46.50
45.75
45.75
46.25
47.25
46.50
46.25
46.25
46.50
47.00
47.00
47.00
47.25
47.50
47.00
47.00
46.50
46.50
47.50
48.00
48.75
49.00
49.00
48.75
48.50
48.75
48.75
49.50
48.50
48.25
48.25
48.25
48.25
47.75
48.25
48.25
47.75
47.75
48.00
47.75
47.75
47.75
47.75
47.75
47.75
47.25
47.25
47.25
47.25
46.00
45.75
45.50
45.00
44.25
44.25
43.00
43.25
42.25
42.75
43.25
42.75
43.00
42.25
42.50
41.00
40.75
41.00
43.25
44.25
43.50
42.75
43.50
44.25
44.50
45.00
45.50
45.75
45.50
45.50
47.00
47.25
45.75
45.25
45.50
45.75
46.25
46.00
46.00
46.00
46.25
45.75
45.75
45.50
45.75
46.00
45.75
45.75
44.50
45.25
45.00
45.00
44.25
44.50
44.25
44.75
44.75
44.50
44.50
44.50
45.50
45.25
45.25
45.50
45.75
45.50
46.00
45.50
45.25
45.25
45.25
44.75
44.75
44.50
43.75
43.00
43.25
43.25
43.50
43.25
43.50
43.50
43.25
42.50
41.75
42.25
42.00
42.25
42.00
42.75
44.00
43.50
43.75
44.75
44.25
44.50
44.75
44.25
44.25
44.50
44.25
44.00
45.50
46.50
47.00
47.25
46.75
47.00
46.50
46.50
46.00
45.50
46.00
46.00
46.25
46.50
46.25
45.75
45.25
43.50
43.75
43.50
43.50
43.25
42.75
43.00
43.25
43.75
43.50
43.00
43.25
43.00
43.00
43.00
42.75
44.00
44.75
44.50
42.75
42.50
41.50
41.75
39.00
39.25
40.75
39.50
39.00
37.50
28.00
28.50
29.25
26.50
28.00
26.25
26.00
26.50
25.75
29.50
27.25
29.00
31.25
31.25
30.00
29.00
30.75
30.25
33.75
35.50
38.25
36.00
35.75
36.00
35.75
36.00
35.50
33.25
34.25
35.25
34.00
33.25
33.75
34.00
34.00
33.50
34.00
35.50
35.00
34.25
35.25
35.50
36.25
36.00
35.50
35.50
36.00
36.50
36.75
37.00
35.75
36.25
36.75
36.50
35.50
35.50
36.00
37.00
38.00
39.50
40.75
39.00
39.25
38.50
37.25
36.50
38.00
38.00
37.75
38.25
38.50
38.75
37.50
37.25
37.00
37.25
37.75
38.50
39.00
39.25
40.25
39.50
39.25
38.25
37.50
38.00
38.75
38.25
38.75
38.50
40.25
39.50
39.75
38.50
38.50
38.00
39.00
38.50
38.00
39.00
38.75
38.25
37.75
37.50
38.25
37.75
38.00
38.00
37.25
36.25
36.50
36.75
37.25
37.00
37.25
36.75
36.00
36.25
36.50
36.00
35.00
35.25
35.25
35.00
35.00
35.25
35.25
35.75
35.25
35.00
34.25
33.50
32.50
32.50
33.50
33.25
32.00
33.00
32.25
32.25
33.00
33.00
33.00
33.25
34.25
33.25
33.00
32.75
32.50
32.25
32.25
32.25
32.25
32.00
31.50
31.00
31.00
31.00
32.75
32.50
34.00
34.00
34.75
38.25
38.25
37.25
37.50
37.50
37.50
38.00
37.75
38.25
40.50
40.00
41.50
42.00
41.75
40.00
41.00
41.00
42.25
43.00
43.25
43.00
42.25
42.75
42.50
42.25
42.75
40.50
41.25
40.25
41.25
42.00
41.00
42.50
42.50
42.50
42.00
42.75
42.50
42.75
43.00
43.75
44.50
44.00
43.25
42.50
41.00
41.00
40.75
39.50
40.00
39.75
39.25
38.50
37.75
39.25
38.75
38.25
38.25
39.00
40.25
41.00
40.75
40.25
41.25
41.25
40.75
40.50
40.00
40.00
40.50
39.50
40.00
40.00
39.75
41.00
40.00
40.50
42.00
41.25
41.50
41.50
41.75
41.25
40.75
40.50
40.50
40.50
40.50
40.25
40.25
40.25
40.25
40.75
40.75
41.00
40.75
40.50
40.00
39.50
39.00
39.25
39.00
39.75
39.75
39.75
39.25
39.00
38.75
38.75
39.00
39.25
40.50
40.00
39.50
39.75
40.50
40.50
40.25
39.75
40.00
40.25
39.75
40.00
39.75
39.00
38.50
38.25
38.75
38.75
39.25
39.50
41.50
41.50
41.25
41.25
40.50
40.75
40.75
41.50
41.50
40.75
41.25
41.00
40.00
39.75
40.00
40.00
40.00
39.75
39.75
39.50
39.25
39.00
38.75
39.00
39.00
38.75
37.25
37.25
37.00
37.75
37.50
37.25
37.50
36.50
35.75
36.00
36.25
35.75
35.50
35.50
34.75
35.00
35.25
35.00
34.50
34.50
34.50
34.75
34.50
35.00
35.25
36.00
35.75
35.25
35.00
36.00
37.00
37.25
37.00
37.75
38.75
38.25
37.50
38.00
38.25
38.00
37.50
37.25
37.25
38.00
38.25
39.00
39.00
39.75
39.00
39.00
39.50
39.50
40.00
40.50
40.50
39.25
39.00
38.75
39.00
39.75
40.00
39.50
39.75
40.00
40.00
39.50
39.25
40.00
39.50
39.50
40.00
39.50
39.25
38.75
38.25
38.00
38.00
38.00
37.75
37.50
37.25
38.25
38.25
38.50
38.00
37.50
38.00
37.75
38.00
37.75
37.75
37.25
37.00
37.75
37.75
37.00
36.00
35.50
36.75
37.25
36.75
37.50
37.50
37.50
37.50
37.75
37.50
37.50
38.00
37.25
37.00
37.50
38.00
38.00
37.75
38.00
38.25
38.00
38.00
39.00
38.00
38.75
38.50
39.00
39.25
39.25
38.75
38.75
38.00
39.00
39.50
38.75
38.50
38.25
39.00
38.75
38.75
39.00
38.75
38.75
38.75
39.75
40.00
40.25
40.50
40.50
40.25
40.50
40.25
40.00
39.50
38.75
39.00
38.50
38.75
39.00
39.50
39.00
39.75
40.00
38.50
38.50
38.25
38.75
38.75
39.50
39.50
38.75
39.00
39.25
39.00
39.00
39.25
39.25
39.50
39.00
39.00
38.75
38.75
38.50
38.75
38.75
38.50
38.25
37.75
37.75
37.00
37.25
37.75
37.50
37.75
37.25
37.00
36.75
36.50
37.25
37.50
37.25
37.50
37.25
37.00
37.00
36.75
36.50
36.25
37.00
36.75
36.25
36.75
37.50
37.00
36.75
37.00
37.50
38.00
38.25
38.25
38.00
38.25
38.00
38.00
37.75
37.50
36.50
36.50
36.00
34.75
33.50
33.25
33.75
33.75
33.25
33.25
34.00
35.00
35.00
34.00
34.50
34.25
34.25
34.00
34.75
34.50
34.00
33.75
33.75
33.50
34.50
34.25
34.25
34.25
34.50
34.25
34.50
34.75
35.25
35.25
35.25
35.00
35.50
36.50
36.25
36.75
37.00
37.00
37.50
37.75
37.25
37.00
36.75
37.50
37.75
37.75
38.00
37.50
38.00
37.50
36.75
36.75
37.00
37.25
37.00
36.25
36.75
37.25
37.00
36.75
36.75
36.75
36.75
37.00
37.00
37.25
37.00
37.00
36.75
35.00
34.25
34.00
34.00
34.50
34.50
34.50
34.50
34.50
34.50
34.50
34.25
34.25
34.25
34.75
34.75
35.00
35.00
35.50
36.00
36.00
36.00
36.00
35.75
36.00
35.75
35.50
35.00
34.25
34.75
34.00
33.50
33.50
33.00
33.50
33.25
33.25
33.75
33.75
33.75
33.25
33.25
33.25
33.25
33.00
32.75
32.25
31.75
32.00
32.00
31.75
31.50
31.25
31.25
31.25
31.00
31.50
31.50
32.25
32.50
32.75
32.75
33.25
32.75
32.00
32.25
32.50
33.00
33.25
33.50
33.75
33.75
33.75
33.50
33.50
33.50
33.25
33.75
33.50
33.50
33.25
33.25
33.25
33.25
33.25
33.00
33.00
32.75
32.50
32.75
32.50
32.50
32.25
32.75
32.75
32.75
33.50
33.00
33.25
32.75
32.25
32.50
32.00
31.75
32.00
31.50
31.50
31.75
31.50
31.00
30.75
30.25
29.50
30.25
29.75
30.00
30.00
30.75
31.50
31.25
31.00
31.25
31.50
31.75
31.25
31.50
31.75
31.50
31.25
31.25
31.50
31.50
31.50
31.50
31.50
31.00
30.50
30.75
31.00
31.00
30.50
30.75
31.00
31.00
30.50
31.00
31.50
32.00
32.25
32.25
32.25
32.25
31.75
31.50
31.25
31.25
31.50
31.50
31.25
31.00
31.00
30.75
30.00
30.00
30.25
30.75
30.75
31.75
31.75
31.50
31.50
31.50
31.25
31.75
31.50
31.75
31.75
31.75
31.75
31.75
31.25
31.25
32.75
33.50
33.75
33.75
34.00
33.75
33.75
34.00
34.00
34.25
34.25
35.00
34.50
34.75
34.50
34.00
34.75
34.50
35.00
35.00
34.75
35.00
35.25
34.75
34.75
34.75
34.75
35.00
35.75
35.75
36.00
35.75
36.00
36.00
36.00
36.25
35.75
35.50
35.50
35.75
35.75
35.50
34.75
35.00
34.75
34.75
35.25
35.00
35.00
34.50
34.50
34.75
34.75
35.00
34.00
34.00
33.25
33.25
33.50
33.50
33.75
34.00
33.50
33.50
33.25
32.50
32.25
32.00
31.75
32.25
32.50
33.50
33.50
33.25
33.00
34.00
33.50
33.25
32.75
32.75
32.75
33.50
33.25
33.25
33.00
33.50
33.75
33.25
33.25
33.00
33.25
33.00
33.25
33.75
34.25
34.50
34.25
34.50
34.75
34.75
34.25
34.50
34.75
34.75
35.00
34.75
35.25
35.75
35.75
35.50
35.75
35.75
35.75
35.75
35.75
35.75
35.75
35.25
35.00
35.25
35.50
35.75
35.75
35.75
35.50
35.25
35.50
35.25
35.50
35.25
35.25
35.00
34.25
33.50
33.75
33.50
33.75
34.25
34.00
34.00
34.25
34.25
34.00
34.50
34.00
33.75
34.25
34.00
34.00
34.25
35.00
34.75
35.00
34.75
35.00
34.75
34.75
35.75
35.75
35.75
36.00
36.00
36.00
35.75
35.50
34.25
34.00
34.25
34.25
34.25
34.50
34.00
33.75
34.00
34.25
34.75
34.75
34.25
34.50
34.00
34.25
34.00
33.75
33.50
33.75
33.50
34.00
33.75
34.00
34.50
