68.25
66.50
68.00
68.75
69.50
69.75
68.50
71.50
71.25
75.00
74.00
73.25
74.50
75.50
74.50
75.25
74.00
70.75
73.75
74.00
72.25
75.75
74.50
75.50
78.00
77.50
75.00
75.50
76.00
77.50
79.00
81.25
80.25
77.75
77.00
79.00
80.75
81.50
82.50
83.25
84.00
82.00
81.00
80.75
83.00
80.75
80.00
82.25
82.50
83.50
84.00
79.75
79.50
81.00
83.00
83.75
84.00
82.50
83.50
83.75
82.00
81.75
82.50
82.25
83.00
83.25
84.25
85.50
84.75
84.00
81.75
82.25
83.00
82.50
81.75
79.00
78.25
79.50
81.00
82.00
82.25
81.25
81.00
82.00
82.50
82.00
82.50
82.00
81.75
80.75
81.00
81.00
80.75
80.75
81.75
81.25
80.75
79.50
79.50
79.50
79.00
78.50
79.25
75.25
77.25
76.50
76.50
78.75
79.25
78.75
80.25
81.25
80.25
79.75
79.00
79.75
81.75
81.00
82.25
82.75
82.25
83.00
83.00
80.50
81.75
80.00
80.50
82.50
82.75
83.00
83.25
85.50
85.50
84.25
82.50
83.00
83.50
83.25
83.75
81.75
82.25
82.50
83.00
82.75
81.25
81.50
80.75
78.50
81.00
81.25
81.00
80.75
82.00
83.25
82.75
82.50
82.50
82.00
81.50
82.50
88.50
89.50
91.25
91.00
90.75
91.75
93.75
92.75
92.00
91.25
92.00
90.25
90.75
91.50
91.00
91.50
91.75
94.75
95.25
96.25
98.50
98.00
98.50
97.75
96.00
96.50
96.75
96.00
96.75
96.00
94.50
94.25
97.50
96.00
95.00
94.50
98.50
97.75
102.00
98.00
98.75
97.50
97.75
98.50
96.25
95.50
94.50
93.50
91.50
93.00
92.50
91.75
93.75
93.50
94.50
92.50
92.25
92.25
93.00
93.25
93.25
92.50
91.00
91.00
91.50
89.50
88.75
89.75
89.50
88.75
91.25
90.00
90.00
91.25
91.25
91.25
92.25
92.00
92.50
92.25
93.00
93.00
95.00
97.00
96.75
97.00
98.50
98.50
99.25
96.50
96.75
96.75
95.50
95.75
96.25
97.25
97.00
97.75
97.25
96.00
97.00
96.00
94.50
94.50
94.25
95.00
93.50
94.75
96.75
95.50
94.25
94.00
94.50
94.25
94.50
94.00
92.50
91.75
91.50
90.00
90.00
90.00
86.75
86.25
87.50
87.50
87.00
87.25
89.50
89.00
87.75
87.75
88.50
89.00
86.75
86.50
86.50
87.00
86.75
87.00
86.75
86.25
87.00
87.00
87.00
84.25
84.50
82.75
83.75
84.75
84.75
84.75
84.75
84.50
84.50
84.50
84.25
86.50
87.25
87.75
88.00
87.25
87.50
87.50
87.00
87.25
87.00
86.50
86.00
85.25
86.00
84.75
84.25
84.50
86.25
85.50
85.50
85.75
85.50
85.75
87.50
87.75
87.50
88.00
87.75
87.75
88.25
90.50
90.00
88.75
87.75
87.00
89.25
88.75
90.00
91.50
91.00
90.75
88.50
89.50
90.50
89.75
89.75
89.50
90.75
90.75
89.50
90.00
89.50
89.25
91.25
91.75
92.50
93.00
93.25
91.75
90.25
86.25
85.75
86.00
85.50
86.75
86.25
85.75
87.75
89.00
91.75
94.50
94.50
93.50
93.75
93.75
93.25
92.00
92.00
92.00
92.00
92.75
93.25
94.00
93.00
93.75
93.50
92.00
91.25
92.25
93.00
93.25
93.25
93.50
94.25
93.50
94.00
94.50
97.50
99.00
99.00
99.50
99.75
100.50
100.50
102.00
99.25
100.00
101.50
106.00
107.00
105.50
107.00
107.00
108.50
111.00
113.00
112.50
113.50
114.00
115.00
115.50
117.00
117.50
117.50
119.50
120.50
118.00
119.00
121.50
122.50
119.50
118.00
115.50
113.50
112.00
115.50
114.00
110.00
112.50
112.50
112.50
113.00
114.50
115.00
115.50
118.00
117.00
115.50
115.00
111.50
113.50
111.50
112.50
113.50
115.50
115.50
115.50
116.00
117.00
116.50
114.50
116.00
116.00
115.50
117.50
117.50
116.50
114.50
114.50
116.00
114.50
112.00
113.50
115.00
115.00
116.00
118.00
122.00
122.50
133.00
136.50
134.50
138.00
134.00
132.50
133.50
134.00
136.50
136.50
137.50
137.50
131.00
134.50
135.00
136.00
135.00
136.50
138.50
147.50
145.50
149.00
149.50
144.50
140.00
140.50
131.00
132.50
134.50
134.00
136.50
136.00
141.50
139.50
136.00
135.50
136.50
135.00
136.00
134.00
130.00
125.50
129.00
126.00
129.50
131.50
131.50
136.00
136.00
140.50
132.50
134.00
134.50
132.50
130.00
134.00
138.50
136.00
134.00
135.50
135.00
130.00
130.00
131.00
133.50
133.00
131.50
134.50
138.00
138.50
142.50
140.00
140.50
139.50
142.50
142.00
141.50
138.50
139.00
136.50
135.00
134.50
135.50
135.00
138.50
140.00
139.50
141.00
142.50
143.00
142.50
142.50
142.00
142.50
139.00
140.50
139.00
137.50
138.00
141.00
148.00
149.50
152.00
152.00
153.00
154.00
153.50
154.50
153.50
155.00
156.50
155.00
160.00
156.50
156.50
154.00
150.50
145.00
148.00
152.00
146.00
148.00
148.00
146.50
143.50
144.50
145.00
134.00
137.50
134.50
136.50
134.50
139.50
138.00
141.00
138.00
138.00
138.00
140.00
138.00
138.00
137.00
131.50
132.00
133.00
132.50
131.00
130.50
128.00
131.00
129.00
128.50
129.00
129.00
132.00
140.50
140.00
138.50
135.00
132.00
134.00
125.00
121.00
124.00
117.00
118.00
116.50
116.50
116.50
111.50
113.00
113.00
113.50
112.50
113.50
118.50
121.00
121.50
121.50
122.50
123.50
122.00
121.00
122.00
123.00
125.00
127.00
127.50
127.50
124.50
124.50
121.50
118.50
121.00
123.00
124.00
125.50
125.50
125.00
125.00
124.00
123.50
121.50
124.00
124.00
122.50
123.50
125.50
126.00
126.00
127.50
125.00
126.50
124.50
123.50
121.00
122.50
121.50
122.50
121.00
120.50
121.00
121.50
120.50
119.00
120.00
122.00
121.50
124.00
126.50
124.00
125.00
125.50
125.50
125.50
127.00
127.50
129.00
128.00
127.50
131.50
132.50
131.00
131.50
131.00
132.00
131.50
134.00
136.50
135.00
136.50
135.00
133.00
133.50
133.50
131.00
131.50
129.00
128.00
129.50
129.50
129.50
128.50
128.50
129.00
130.00
130.50
130.00
124.50
125.50
127.00
125.50
126.50
125.50
125.00
126.50
125.00
125.00
128.00
128.50
128.00
127.00
126.50
127.00
130.00
131.50
135.00
135.00
136.00
135.50
134.00
136.00
135.00
137.00
134.50
133.50
132.50
133.50
133.50
132.00
134.50
136.00
136.00
136.00
134.50
134.50
135.00
137.00
136.50
136.50
134.50
134.00
135.00
135.50
135.00
131.50
131.00
130.50
128.50
126.00
124.00
124.00
125.00
123.00
125.50
123.50
121.50
122.00
121.00
121.50
115.00
114.50
116.00
121.00
124.50
122.00
119.00
118.00
122.00
124.00
124.00
124.50
123.50
121.00
122.50
125.00
130.00
124.00
123.50
123.50
124.50
125.00
123.00
123.50
123.50
121.00
119.50
120.00
119.00
116.50
117.50
118.00
117.00
118.00
122.50
119.50
119.00
117.00
117.50
116.50
117.00
118.50
117.50
118.00
118.50
122.50
120.50
120.00
123.00
124.50
123.50
125.00
124.50
123.00
123.50
122.50
122.00
120.50
121.50
120.00
118.00
117.00
119.00
119.50
118.00
120.50
120.00
120.00
119.00
118.00
117.00
116.50
118.50
118.00
119.50
123.50
122.50
123.00
124.50
124.50
125.00
126.00
124.00
124.50
125.00
124.50
124.50
127.50
130.00
133.50
133.00
134.00
133.00
131.50
131.50
132.00
131.00
131.50
132.00
132.00
131.50
131.00
129.00
128.50
122.50
124.00
126.50
126.00
124.50
125.00
124.50
124.50
125.50
124.50
125.50
127.50
124.00
124.00
124.00
123.50
125.00
126.00
125.50
120.00
119.00
113.50
115.00
106.00
107.00
112.00
110.00
109.50
106.50
74.75
70.50
72.25
60.00
66.25
58.25
58.00
57.00
55.00
63.25
55.50
59.25
66.25
67.25
64.50
63.00
67.50
67.00
75.25
79.00
86.75
82.75
79.75
79.75
79.50
80.50
78.25
74.00
76.50
79.00
76.25
74.75
76.00
76.25
77.00
77.00
78.25
84.50
84.00
82.50
83.00
83.00
84.00
83.50
81.75
83.50
85.50
88.00
88.50
89.00
84.50
85.50
87.00
86.50
84.25
84.00
86.75
89.00
92.75
98.75
101.50
95.50
96.25
93.50
91.00
87.00
94.00
93.75
94.00
95.50
95.75
96.25
92.75
91.25
92.50
91.25
91.75
95.50
95.75
95.25
95.50
92.75
92.50
91.00
91.75
92.50
95.25
93.50
94.00
93.75
96.50
94.00
95.75
93.25
91.75
90.00
91.00
89.00
89.50
94.25
93.00
94.00
94.25
95.25
94.75
92.00
92.00
93.25
92.00
90.00
88.75
90.50
91.25
91.25
91.25
89.50
89.00
88.50
89.75
88.00
85.50
83.25
83.25
82.00
82.75
85.75
87.25
87.25
87.75
85.50
84.75
82.50
80.50
78.75
81.75
80.50
79.00
79.50
75.00
76.75
82.25
81.00
82.25
83.50
82.25
80.75
80.50
80.25
78.25
77.75
80.00
81.50
79.75
79.50
78.50
79.00
78.75
78.00
80.75
81.50
82.75
82.75
84.00
90.75
91.50
90.50
90.25
91.50
91.25
93.00
92.25
93.75
98.50
96.75
101.00
101.50
100.50
96.75
98.50
98.50
99.00
101.50
104.50
103.00
102.00
102.00
102.50
102.00
100.50
96.00
97.50
95.25
95.75
96.50
95.00
97.75
98.25
98.75
100.00
104.50
104.00
104.50
103.50
107.00
112.50
113.00
111.00
111.00
113.00
112.50
112.50
111.50
110.50
112.00
110.00
108.00
103.50
106.50
107.00
107.50
109.00
109.00
109.50
111.00
111.00
111.50
115.00
114.00
113.00
114.00
111.50
110.50
114.00
113.50
115.00
112.50
112.50
113.50
113.50
116.00
119.00
119.00
118.50
119.50
119.00
119.50
116.00
118.00
116.50
115.00
114.50
113.00
112.50
114.00
113.50
114.50
114.00
114.00
114.50
116.00
114.00
113.50
111.00
111.50
111.50
116.00
115.50
115.50
114.50
114.50
113.00
114.00
114.50
116.00
118.00
119.00
117.50
119.50
120.00
121.50
121.00
119.50
119.50
119.00
118.50
121.00
119.50
116.00
116.50
117.00
118.50
117.00
117.50
118.50
119.50
120.50
120.50
120.00
121.00
121.00
120.00
121.00
120.00
119.50
121.00
120.50
118.00
117.00
119.00
119.00
120.00
120.50
119.00
119.00
117.00
118.00
118.00
119.00
121.50
118.50
114.50
113.00
112.00
114.00
111.50
110.50
112.00
109.50
107.50
108.00
108.50
108.00
107.00
107.50
103.00
105.50
105.50
106.00
104.50
104.50
105.00
106.50
103.50
103.00
104.50
103.50
104.00
102.50
100.50
104.50
108.50
108.50
107.00
108.50
113.50
111.50
109.50
110.00
110.00
108.50
108.00
106.50
106.00
106.50
108.00
112.50
112.50
113.00
113.00
111.50
112.50
112.50
113.00
117.00
119.00
119.00
117.50
117.50
119.50
120.50
122.00
120.50
121.50
123.50
123.00
123.50
124.00
124.50
123.00
123.50
125.50
122.50
124.00
121.50
118.50
117.50
116.50
118.50
117.50
118.00
117.50
119.00
119.50
120.50
119.50
117.50
118.50
118.50
119.00
118.50
119.00
117.50
118.00
119.00
118.00
116.50
113.50
113.50
118.00
118.00
117.50
117.50
118.00
118.50
119.50
120.00
118.50
119.50
120.00
116.50
117.50
117.00
118.00
117.50
118.00
119.00
118.50
118.00
119.50
120.50
119.50
124.00
122.50
123.50
123.50
123.50
123.50
122.50
126.50
127.50
128.00
127.00
124.00
125.00
127.50
127.00
128.00
129.50
128.50
127.00
129.00
130.50
131.00
134.00
133.50
131.50
131.00
133.50
133.00
131.50
130.00
127.00
129.50
128.00
132.50
132.50
136.50
137.50
149.50
150.50
150.50
153.50
152.50
146.00
146.50
149.50
148.00
145.50
147.00
143.50
145.00
146.00
150.50
152.00
154.00
151.50
151.00
150.50
148.00
144.00
146.00
145.50
146.00
146.00
143.00
146.00
143.50
150.00
152.00
148.50
148.00
146.00
144.50
144.50
148.00
148.00
151.00
148.50
154.50
154.50
154.50
151.50
153.00
149.50
151.50
157.50
158.50
155.50
156.50
157.00
155.50
155.50
160.00
165.50
165.50
169.50
167.50
166.50
168.50
169.00
170.00
174.00
173.00
173.00
173.50
169.00
166.00
162.50
158.50
163.00
158.00
154.00
153.50
156.50
162.50
163.50
159.50
159.00
159.00
163.00
155.50
156.50
159.00
161.50
160.00
156.50
154.00
158.00
160.00
160.50
158.50
160.00
158.50
161.50
162.50
159.50
159.00
161.50
154.50
151.00
154.00
155.50
156.50
158.00
154.50
156.00
155.00
155.00
157.50
157.50
161.00
168.00
168.00
167.50
172.00
172.00
168.50
166.00
166.50
167.00
165.50
165.00
160.00
163.00
164.50
164.00
164.50
167.00
166.50
168.00
169.50
174.50
173.50
170.50
166.00
164.50
162.00
161.00
160.50
164.50
165.00
168.00
170.00
170.00
170.50
170.00
170.00
169.50
170.00
168.50
171.50
172.50
173.50
173.50
176.00
180.50
181.50
187.00
186.50
188.00
192.00
191.50
192.00
193.00
189.50
189.00
188.50
184.50
188.50
187.00
187.00
186.50
185.00
193.50
190.00
186.50
184.00
188.50
188.00
186.00
182.50
180.50
176.00
172.50
171.50
175.00
174.00
173.00
172.50
166.00
166.50
166.50
171.00
171.50
174.00
175.00
175.00
176.00
176.50
175.00
167.00
168.50
167.50
168.50
169.00
167.50
169.00
167.50
171.00
170.50
173.00
172.00
172.00
174.00
172.00
172.00
171.00
172.00
171.50
171.50
173.00
170.00
166.00
164.00
165.00
165.00
163.00
163.50
165.00
161.00
157.50
160.00
159.00
160.50
159.50
156.00
154.00
152.50
152.00
150.00
152.50
155.00
153.50
154.00
151.00
149.00
146.00
146.50
142.00
144.50
136.00
140.50
136.00
140.00
142.50
142.50
143.50
144.00
150.00
153.50
151.50
150.50
159.50
160.50
159.50
159.50
159.50
159.50
162.00
161.50
158.00
158.00
153.50
154.00
155.50
156.00
151.00
151.50
148.00
148.50
145.50
149.00
149.50
148.50
148.00
146.00
144.50
148.00
144.50
148.50
148.00
147.00
148.50
150.00
148.50
143.00
144.50
143.50
139.50
139.00
142.50
145.00
150.00
152.00
151.50
149.50
152.00
152.00
151.00
153.00
150.50
151.00
149.50
149.00
149.00
147.00
145.50
143.50
148.50
150.00
152.00
151.00
153.00
151.00
150.50
152.00
152.00
155.00
157.00
158.50
155.00
156.50
157.50
155.50
158.00
159.50
160.50
159.50
159.50
159.50
162.50
159.50
162.00
163.00
161.00
163.00
166.50
166.00
161.50
160.50
158.00
158.50
160.50
159.00
158.00
157.50
159.00
160.00
160.00
163.00
158.50
162.50
161.50
161.00
166.00
167.00
167.50
164.50
165.50
167.00
167.00
167.50
168.00
169.00
165.50
165.50
166.50
166.50
168.50
170.50
170.50
171.00
170.00
163.00
165.50
161.50
162.00
168.50
168.50
169.00
169.00
172.00
170.00
175.00
171.50
173.50
169.50
170.00
169.00
169.00
169.00
164.00
163.00
161.50
165.00
163.50
163.00
160.50
162.00
161.50
160.00
162.00
162.00
161.50
158.50
160.00
161.00
160.50
160.00
159.00
155.50
153.50
153.00
151.50
148.50
145.50
143.00
140.50
142.00
144.50
142.50
143.50
147.00
147.50
147.50
147.50
146.50
147.50
148.00
148.50
148.00
149.50
151.00
146.00
149.50
151.00
149.00
150.00
148.00
149.00
150.50
150.00
150.00
148.00
146.50
149.50
148.50
148.00
149.00
149.50
149.00
149.50
146.50
150.00
150.00
151.50
152.00
153.00
153.50
154.50
154.00
153.00
154.50
153.50
152.00
155.00
150.50
150.50
154.00
154.00
154.00
153.00
151.50
151.00
150.00
152.00
151.00
151.50
151.50
152.50
149.00
147.50
150.00
153.00
153.50
154.00
154.50
153.00
154.50
152.00
151.00
151.00
151.00
149.00
153.00
151.00
155.00
157.50
