59.50
56.50
57.00
58.25
57.75
59.00
60.75
61.00
60.75
63.00
63.75
63.25
64.75
62.25
60.75
62.50
60.75
59.75
59.50
58.75
57.75
61.50
60.50
60.25
61.25
59.50
58.75
59.25
59.00
61.25
60.75
61.00
60.75
59.50
59.50
60.50
62.00
62.50
61.50
62.50
61.25
61.50
60.00
59.25
60.50
59.50
59.50
59.00
58.75
58.75
59.25
57.25
57.25
58.50
58.75
59.25
59.25
58.25
58.00
58.75
58.75
58.75
58.75
60.25
60.50
60.50
62.00
62.00
63.00
62.50
61.25
61.25
61.50
60.75
60.50
59.25
59.25
59.50
61.00
61.75
61.50
61.00
61.00
62.00
62.25
62.25
64.75
63.75
63.00
61.00
61.00
61.00
61.25
61.00
61.75
61.00
59.75
60.25
60.25
60.25
60.00
58.25
58.25
56.00
57.50
57.50
57.00
58.50
59.50
58.00
59.25
59.50
59.75
59.25
59.50
58.50
59.75
58.75
59.50
59.75
59.25
60.75
60.00
58.75
59.00
56.75
56.50
59.50
60.00
60.75
60.50
60.25
59.75
60.00
59.75
60.50
60.00
60.00
59.75
59.50
59.75
59.25
59.50
59.75
59.25
59.00
58.75
58.50
59.50
60.50
60.25
60.00
60.75
61.75
62.75
62.75
62.75
62.75
62.50
62.50
64.25
64.75
63.75
64.75
65.25
64.75
65.00
63.50
62.50
63.25
62.75
63.25
63.00
63.00
62.75
63.25
62.75
63.00
63.25
63.00
64.00
64.25
64.00
63.25
63.50
63.25
62.75
63.50
65.25
64.00
65.25
65.50
66.00
67.50
68.25
68.50
68.25
68.00
68.50
67.75
66.50
66.50
68.25
69.75
69.00
70.25
68.25
67.50
67.50
70.00
69.25
69.75
69.75
69.00
71.50
73.75
73.25
71.75
71.25
72.75
72.75
72.75
72.25
72.25
73.00
72.00
72.50
72.25
74.00
73.00
72.25
71.25
70.75
72.25
71.75
71.25
71.75
71.00
71.00
72.00
73.50
73.25
73.25
72.00
73.25
72.75
72.25
73.00
73.50
73.50
73.00
73.25
73.25
74.00
74.25
75.50
75.00
75.75
75.00
74.25
74.75
74.75
74.75
72.75
73.50
72.00
71.75
72.75
73.75
73.50
72.50
72.75
72.75
72.75
73.75
73.00
73.00
71.50
71.50
71.00
70.75
70.50
70.00
71.00
71.50
70.00
67.75
67.50
69.50
70.00
69.75
69.75
69.75
69.25
68.25
68.50
69.25
69.50
69.50
68.75
68.50
68.50
68.75
69.00
69.75
69.25
70.00
68.75
69.00
69.50
69.25
69.00
69.50
69.75
70.00
70.00
70.00
70.75
71.25
72.00
71.75
73.00
72.50
72.25
72.75
72.00
72.00
72.25
72.00
71.00
71.00
72.50
73.75
73.75
74.00
74.75
74.25
74.25
74.00
76.00
78.25
76.50
76.50
76.00
75.00
76.25
76.00
77.00
77.25
76.50
77.50
77.25
78.00
78.00
78.00
79.25
79.50
78.75
78.00
78.75
78.50
78.00
77.25
77.00
79.25
80.00
79.00
80.25
82.75
82.25
82.50
82.75
81.25
82.25
81.50
82.00
79.25
79.50
81.00
80.00
81.00
80.50
80.00
78.25
77.50
78.75
77.50
78.00
80.25
80.00
79.00
79.50
80.00
79.25
78.00
78.75
78.50
78.50
78.75
79.75
79.00
78.25
78.50
79.25
79.50
79.25
79.75
80.00
81.00
82.25
82.75
82.25
83.50
83.50
84.00
83.00
83.75
83.75
85.25
85.25
86.25
85.75
85.00
85.00
86.25
89.50
90.25
89.25
93.00
92.75
92.75
92.50
93.00
93.50
94.50
95.25
94.00
96.50
99.75
98.25
94.25
96.50
97.50
97.00
96.25
96.25
95.00
93.50
93.50
91.75
90.25
91.75
92.25
92.00
91.25
92.50
93.75
94.25
93.50
93.25
93.75
94.75
97.50
99.25
99.25
99.00
95.00
95.75
91.50
93.00
95.00
96.25
96.75
95.50
98.25
100.50
98.00
98.25
96.75
98.00
98.50
99.00
97.25
96.75
94.75
94.50
96.50
95.75
92.75
95.75
97.50
95.50
96.25
96.75
96.00
97.75
102.50
103.00
99.50
98.50
97.50
97.00
98.00
98.00
98.00
97.25
96.00
97.50
94.00
94.50
93.00
94.75
94.50
94.50
93.25
96.50
94.75
96.00
95.25
95.50
92.50
91.25
88.00
89.00
89.25
87.00
86.00
88.25
88.25
89.75
89.50
87.75
87.50
86.50
83.75
83.50
80.25
79.75
83.75
80.25
81.25
78.00
79.50
79.00
76.25
73.00
71.25
74.25
73.50
72.00
74.00
73.50
78.00
77.50
77.50
76.25
76.50
74.75
76.75
77.00
79.25
81.00
80.75
81.25
81.50
81.75
84.50
85.00
84.50
83.25
84.25
84.00
83.75
82.00
82.00
81.50
80.75
81.75
81.50
81.75
82.00
81.25
80.50
80.75
81.75
83.25
83.25
81.75
81.75
80.25
78.75
78.50
78.50
79.00
77.00
77.50
80.00
80.75
80.25
82.00
81.75
81.25
81.25
79.75
81.00
81.75
81.75
81.25
81.75
80.75
82.00
81.50
80.75
78.25
77.75
79.50
77.00
77.75
77.25
78.50
77.00
76.50
77.00
74.25
76.00
74.75
75.50
75.00
77.25
76.75
77.75
77.25
77.50
78.50
80.00
79.00
78.75
79.00
76.25
76.75
77.00
77.75
76.50
77.00
76.25
78.00
76.50
77.25
78.25
78.50
78.50
81.00
81.00
79.75
79.25
78.50
78.25
76.50
75.75
76.00
72.50
72.00
72.00
74.00
73.00
71.50
71.25
71.75
71.25
70.75
69.00
70.00
72.00
71.75
71.25
71.50
70.75
67.50
67.50
68.00
67.50
69.00
71.25
71.50
70.50
69.00
67.00
66.50
67.00
67.50
68.00
69.50
69.25
69.00
69.00
69.00
68.50
67.75
67.50
69.25
69.25
68.75
69.25
71.75
71.00
72.50
74.25
73.25
72.75
72.00
71.50
71.25
69.00
68.50
69.25
68.25
67.75
67.50
67.75
67.50
67.25
67.50
68.00
67.00
67.75
68.75
67.50
67.75
67.50
67.25
67.25
67.50
68.00
69.25
68.75
69.00
70.25
70.75
71.00
70.50
70.25
69.50
70.75
71.25
70.75
69.75
69.50
68.75
68.50
68.75
68.75
68.75
67.75
67.25
66.50
66.75
65.00
65.00
64.50
64.00
63.50
62.75
62.50
60.00
60.75
60.50
62.50
62.25
61.25
60.75
60.75
61.50
61.00
61.75
63.00
63.00
62.25
63.00
62.25
62.25
63.50
63.50
64.75
64.75
64.50
65.00
64.50
64.50
64.00
65.25
64.25
63.75
63.00
62.75
61.50
61.50
62.00
62.00
62.75
63.00
61.75
61.50
61.75
61.75
61.50
61.25
61.50
61.00
60.50
60.50
60.25
57.75
57.50
56.50
55.25
53.50
53.00
51.50
52.50
52.25
52.50
54.25
52.75
53.25
52.00
52.75
51.50
51.25
51.25
53.25
53.25
52.50
51.50
52.25
52.75
52.75
52.50
53.50
55.25
54.25
54.75
57.00
58.25
53.75
52.75
53.50
54.00
54.00
53.50
54.00
54.25
53.75
53.00
52.25
51.75
51.50
52.00
51.75
52.25
52.25
52.75
51.75
50.25
49.50
50.00
50.25
50.75
50.00
49.00
49.25
49.00
50.50
51.00
51.00
53.75
53.75
53.50
56.25
55.50
54.00
54.75
54.25
53.25
52.25
53.25
53.00
52.00
51.75
53.00
54.00
54.50
55.00
54.75
53.75
53.50
53.00
52.50
52.50
52.50
51.75
53.25
56.00
55.25
55.75
56.50
57.25
57.25
57.25
56.75
56.75
56.75
56.50
57.00
59.25
59.50
58.50
59.75
57.75
59.50
59.25
56.75
55.75
55.75
55.75
56.25
55.50
50.50
50.25
50.25
50.50
48.75
48.25
49.25
49.50
49.00
49.50
52.00
52.75
54.00
53.50
53.00
54.00
52.75
52.25
52.50
50.00
50.00
49.75
50.00
46.75
48.00
44.50
45.00
41.25
40.25
42.75
43.25
43.75
42.25
31.00
30.25
29.75
26.00
27.00
24.00
24.50
24.30
24.20
27.75
24.80
25.50
27.75
28.00
28.25
27.50
30.50
31.25
34.75
36.75
38.00
35.75
34.75
34.75
35.50
36.75
39.00
35.75
36.75
36.75
36.00
35.00
38.25
36.75
36.25
36.75
37.00
37.75
37.75
37.00
38.50
40.50
41.25
41.00
40.25
41.75
44.25
46.00
46.00
45.00
43.00
44.00
45.00
44.00
43.00
43.00
45.50
46.50
47.75
51.00
51.25
48.75
49.00
46.75
45.50
43.00
45.50
46.50
47.00
46.75
47.25
47.50
45.75
45.50
45.25
45.00
46.25
47.50
48.50
49.00
49.25
48.00
47.75
46.00
46.25
46.25
47.50
47.00
47.25
47.75
50.50
50.00
50.00
48.50
47.00
45.75
47.00
46.75
47.25
49.00
51.25
49.50
50.00
49.25
50.50
49.25
50.00
50.00
49.00
47.50
47.25
49.25
48.75
48.50
47.50
47.00
46.25
45.75
46.25
45.25
44.00
44.00
43.50
43.00
42.50
43.25
43.50
42.75
43.00
41.50
40.50
38.50
39.75
39.50
40.00
39.25
39.25
40.00
39.25
39.25
41.50
41.50
41.50
41.00
41.50
40.75
41.75
41.25
40.25
39.50
40.00
40.50
40.25
40.50
40.50
40.25
40.00
39.00
41.75
41.75
44.25
44.50
46.25
49.25
50.00
50.50
50.75
50.25
50.50
51.75
53.75
54.50
56.75
56.25
59.00
59.25
59.00
57.25
57.50
56.75
58.25
59.00
60.25
59.75
57.75
59.50
59.25
59.25
59.25
56.00
58.25
56.75
58.50
59.75
58.00
59.75
58.50
59.75
59.75
60.25
62.25
62.00
62.25
64.25
64.25
63.25
62.50
61.50
63.50
63.00
63.00
61.25
62.00
62.75
61.50
60.00
59.00
60.75
61.00
61.25
62.00
62.00
63.00
64.75
63.75
63.25
64.00
66.25
65.50
65.50
63.50
62.25
64.00
62.75
62.75
63.25
62.75
64.50
63.25
65.50
67.75
66.75
67.50
67.00
68.00
68.50
67.75
66.25
66.25
65.00
64.75
64.00
63.25
63.25
63.00
63.50
63.00
62.75
63.25
62.75
61.25
61.00
61.50
62.00
61.00
62.50
63.25
63.25
63.00
62.25
61.75
63.75
64.00
65.25
67.50
67.75
66.75
67.75
69.50
69.00
68.50
67.25
67.00
67.50
67.00
66.75
65.75
65.25
64.50
64.25
62.50
62.75
63.00
63.25
63.75
64.00
63.25
63.00
61.75
62.25
61.00
61.25
60.50
59.25
60.25
59.00
58.75
57.75
57.75
58.00
59.25
59.00
59.25
59.75
59.00
59.25
60.00
60.25
60.25
59.00
58.25
58.50
54.75
58.00
56.75
57.00
58.00
57.25
56.00
57.50
58.00
57.00
57.00
57.50
56.75
58.00
58.50
58.25
57.25
57.25
58.00
59.50
59.25
60.00
60.50
60.75
60.25
58.25
56.50
58.00
59.50
60.50
62.00
62.00
63.50
64.00
62.75
63.50
61.50
60.00
59.25
59.50
60.25
60.00
60.50
60.75
60.00
60.75
60.50
58.75
59.50
60.00
60.50
61.75
63.75
63.25
63.25
63.50
64.00
64.50
64.50
64.75
65.00
64.75
64.75
65.50
64.75
66.75
65.50
66.25
66.00
65.25
65.00
63.75
62.25
62.75
62.50
62.00
61.50
62.00
61.00
61.75
62.00
62.50
61.50
61.50
61.50
61.50
60.75
61.25
60.75
59.75
60.25
60.75
60.00
58.25
57.00
56.25
57.25
57.50
57.75
58.50
58.50
58.25
58.50
58.25
58.00
59.00
59.00
57.50
57.75
57.75
58.25
58.50
57.75
58.25
58.50
58.75
59.50
60.50
59.00
59.00
59.75
60.25
61.00
61.00
60.50
59.50
57.75
58.25
57.75
57.25
57.25
56.75
57.00
57.00
56.75
56.50
56.50
56.50
57.00
57.50
57.75
57.50
58.25
57.75
57.75
57.25
56.50
56.25
55.00
55.00
54.75
54.75
54.25
55.00
53.00
52.25
52.25
51.50
50.50
49.25
48.75
48.75
50.00
51.00
50.50
50.00
50.25
50.50
50.50
50.00
50.25
50.75
51.50
51.50
51.75
51.50
50.75
50.75
50.00
50.00
51.50
50.00
50.25
50.00
49.25
49.00
49.50
49.50
49.50
49.50
49.00
48.25
47.50
48.75
50.00
50.25
50.25
49.50
49.00
48.75
48.00
44.75
44.25
46.25
47.00
46.25
46.50
47.50
47.25
46.50
47.00
47.50
48.00
48.25
48.25
48.25
48.00
48.25
48.50
48.75
47.25
45.25
46.25
46.25
45.25
43.75
44.00
44.75
44.75
44.75
44.75
45.75
46.25
46.00
45.50
45.50
45.00
44.50
44.25
44.75
45.50
45.00
44.50
43.75
43.50
44.00
44.25
44.25
44.50
44.25
44.50
43.50
44.25
45.25
45.25
45.50
44.75
45.25
45.75
46.50
46.75
46.25
47.25
47.50
48.00
47.50
46.75
46.50
47.25
47.25
47.75
47.75
47.00
47.50
47.50
46.50
45.25
44.75
44.50
44.50
45.00
44.75
45.75
46.00
45.75
45.25
44.75
44.50
44.25
44.00
44.00
43.25
42.75
43.00
41.75
41.25
41.50
41.50
41.75
41.75
41.50
41.00
40.25
40.50
40.50
41.00
41.00
42.00
41.50
41.75
42.00
42.00
42.50
42.50
43.50
44.25
45.00
45.25
46.25
48.50
48.25
47.00
46.50
47.75
48.00
47.75
47.50
46.50
47.25
46.50
45.75
46.50
47.25
47.00
47.00
48.25
48.00
48.00
46.75
46.00
46.00
46.25
46.00
45.50
46.50
47.00
46.75
46.50
45.75
45.50
44.75
44.75
45.50
47.25
47.50
47.50
47.25
46.75
47.00
46.50
46.25
47.50
50.25
50.50
50.25
50.00
50.25
51.50
51.50
51.25
50.00
50.75
51.00
51.25
49.75
50.50
50.00
49.25
50.00
49.75
49.50
49.50
49.75
50.00
50.50
50.50
50.50
50.50
49.50
49.50
48.75
49.00
48.75
48.75
47.75
47.50
47.50
47.25
47.00
48.25
48.00
48.00
48.25
48.00
47.25
46.50
45.00
45.75
44.25
44.25
44.00
44.75
46.25
46.50
46.25
46.25
47.00
46.75
46.25
45.75
46.25
44.75
44.50
44.75
45.00
44.25
43.75
43.50
42.25
42.00
41.00
41.75
41.50
41.25
40.75
41.25
41.50
41.25
41.25
42.25
42.50
42.50
41.25
40.25
39.25
38.50
36.75
36.50
35.75
37.50
37.75
37.50
36.25
35.75
36.25
36.25
35.25
34.75
35.75
35.50
36.50
38.25
38.50
38.25
38.50
39.25
38.75
38.00
38.50
38.75
37.75
37.25
37.25
36.75
36.25
35.75
36.25
37.25
37.75
38.25
38.75
38.50
38.50
39.00
39.00
39.00
39.50
40.50
38.50
38.75
39.00
37.00
36.75
37.25
38.25
38.50
39.25
39.50
39.50
39.00
39.25
39.50
39.00
40.00
39.75
39.50
38.75
36.50
37.25
36.50
36.50
36.75
36.00
36.50
38.00
38.00
37.50
37.75
37.25
37.00
36.50
36.50
36.25
36.50
36.00
35.25
35.00
35.00
35.25
35.75
35.00
35.00
33.50
33.75
35.50
35.25
34.50
34.50
33.75
34.50
33.50
32.50
32.75
33.25
33.25
33.00
33.25
34.25
33.75
33.25
33.50
34.50
33.75
33.25
32.50
34.25
34.00
35.50
35.50
34.50
34.75
35.75
36.75
37.50
37.00
36.25
36.25
36.00
36.25
36.50
38.00
38.50
38.00
38.00
38.50
38.25
38.25
37.75
38.25
38.50
38.50
38.50
38.50
38.75
39.25
38.75
38.75
39.00
37.50
38.75
39.25
39.50
39.75
40.50
37.75
38.50
38.00
38.50
38.25
38.50
38.50
38.75
37.50
37.25
36.25
36.50
36.75
36.75
36.00
35.75
35.75
35.25
35.00
34.50
34.25
34.00
35.00
34.50
34.50
34.25
34.25
33.50
34.00
34.75
34.25
34.25
35.25
35.25
35.50
35.25
35.75
37.00
37.50
37.25
37.50
37.25
39.00
38.75
38.00
37.25
37.75
38.00
37.25
37.25
37.25
37.25
37.00
37.75
37.75
37.50
39.00
40.25
40.00
39.25
39.00
38.50
39.25
39.00
39.00
38.50
38.50
38.00
38.25
39.50
40.25
41.00
