45.63
45.39
46.09
46.78
46.55
46.32
46.09
46.32
46.55
47.25
46.09
46.32
46.32
47.25
46.78
46.78
46.78
47.01
47.25
46.32
46.09
47.01
48.64
47.71
47.71
47.48
47.48
47.48
47.25
47.25
47.25
47.48
47.71
47.71
47.71
47.71
47.71
48.17
48.17
48.17
48.17
48.17
47.94
47.71
47.71
47.25
47.94
47.94
47.71
47.25
47.25
46.55
47.01
47.25
47.48
47.25
47.25
47.25
47.48
47.25
47.48
47.48
47.94
48.17
47.94
48.40
48.17
48.17
48.17
48.17
47.48
47.71
48.40
47.94
47.94
47.94
48.17
48.40
48.64
48.64
48.40
48.64
48.40
48.17
47.94
47.48
47.94
47.71
48.40
48.64
48.64
49.56
49.79
50.03
50.49
50.49
49.79
49.56
49.56
48.64
48.17
47.01
47.48
46.55
47.01
47.48
47.48
46.32
47.25
47.25
47.01
47.01
47.25
47.25
47.25
47.01
47.01
47.01
47.25
47.25
47.01
46.78
46.78
46.55
46.32
45.63
45.86
46.09
46.32
46.55
46.78
46.32
45.86
46.09
46.32
46.55
46.32
46.32
46.78
47.25
46.32
46.09
46.09
47.01
47.01
47.01
46.55
46.32
46.09
46.32
46.78
46.32
46.09
46.09
46.32
46.09
46.32
46.32
46.55
46.32
46.32
46.32
46.55
47.01
47.01
46.78
46.55
46.55
46.32
46.32
46.32
46.32
46.09
46.32
46.32
46.09
46.32
46.32
46.32
46.32
46.32
46.32
46.55
46.55
46.55
47.01
47.01
47.48
47.48
47.25
47.25
47.25
47.01
47.25
47.25
47.71
47.94
47.71
47.71
47.25
47.01
47.01
47.01
47.01
47.25
47.25
47.48
47.25
47.25
47.48
47.71
48.40
47.94
48.17
48.17
47.94
48.17
48.17
48.17
46.78
47.01
47.48
47.25
46.55
46.55
46.55
46.32
46.32
46.32
46.09
46.55
47.94
46.32
46.55
46.55
46.55
46.55
46.32
46.32
46.55
46.55
46.55
46.55
46.78
46.55
46.55
46.32
46.55
46.32
46.55
46.32
46.55
46.55
46.32
46.32
46.32
46.32
46.09
46.32
46.32
46.32
46.32
46.09
46.09
46.32
46.55
46.09
46.32
46.32
46.09
46.55
46.55
47.48
47.71
47.71
47.71
47.94
47.48
47.48
47.01
47.01
47.01
47.01
47.25
46.78
46.55
46.55
46.32
46.32
46.32
46.78
47.25
47.94
47.94
47.94
47.71
47.25
47.71
47.94
47.94
47.94
48.17
48.17
48.17
48.17
47.94
48.17
48.17
48.40
48.40
48.87
49.56
50.03
50.03
49.79
49.79
50.03
50.03
50.03
50.03
50.03
50.03
50.72
50.49
50.26
49.56
49.10
49.10
49.33
50.26
51.18
51.42
51.42
51.65
51.88
51.88
51.18
51.65
51.42
51.42
51.88
51.88
51.65
51.42
51.65
51.42
51.65
51.65
51.88
51.18
51.65
51.65
51.42
51.65
51.42
51.42
50.95
50.49
50.26
50.26
50.49
50.26
49.79
49.79
50.03
50.03
49.79
49.79
50.26
50.03
50.72
51.18
50.95
51.65
51.88
51.42
50.49
50.26
51.18
50.95
52.57
51.88
51.65
51.18
50.49
50.95
50.49
50.49
50.72
50.49
50.49
50.03
50.95
50.49
50.03
50.49
50.72
50.95
50.72
50.26
50.95
50.95
51.65
52.11
51.65
51.88
51.18
51.42
51.65
52.11
51.65
51.88
51.42
52.11
51.42
51.18
50.95
51.18
51.42
50.95
50.95
50.72
50.26
50.26
50.49
50.49
50.49
50.49
50.49
50.95
51.18
51.42
51.42
51.18
51.42
50.95
50.72
50.95
51.18
51.42
51.18
50.95
51.18
50.95
50.72
50.95
50.95
50.72
50.26
50.26
50.26
50.03
50.26
50.26
50.03
50.49
50.49
50.72
50.49
50.26
50.49
50.72
49.10
49.10
49.33
48.87
48.64
48.40
48.17
48.40
48.40
48.87
48.87
48.87
48.87
49.33
48.64
48.64
48.40
48.64
48.40
48.64
48.40
48.17
47.71
48.40
48.40
47.94
47.94
47.71
48.64
48.40
47.94
48.40
48.40
48.17
48.40
48.17
48.17
48.17
48.40
48.17
48.40
48.40
48.40
48.40
48.17
48.40
48.40
48.17
47.71
48.17
48.40
47.94
48.40
48.40
48.17
48.40
48.40
48.40
48.17
48.40
48.40
48.40
47.94
48.64
48.17
48.17
48.17
48.17
48.17
48.17
47.94
48.17
47.71
48.17
47.71
47.94
47.94
47.48
47.25
47.94
47.94
48.17
47.71
47.48
48.40
48.17
47.71
47.94
48.17
48.17
47.94
47.94
48.17
48.17
48.17
47.94
48.17
47.94
48.17
48.17
47.48
47.71
47.71
47.71
47.71
47.71
47.94
48.40
48.40
48.40
48.40
48.40
48.40
48.17
48.17
48.17
48.40
48.17
48.17
48.17
48.40
48.64
48.40
48.40
48.40
48.40
48.40
48.40
47.25
47.25
47.01
47.01
46.78
46.55
47.25
47.48
47.48
47.94
47.71
47.71
47.94
47.48
47.71
47.94
48.17
47.94
47.48
47.25
47.48
47.25
47.25
46.78
46.78
46.78
46.55
46.55
46.32
45.86
45.86
46.09
45.63
44.93
45.86
45.39
45.39
44.93
45.39
45.86
46.09
46.09
45.86
46.09
46.09
46.09
45.86
46.09
45.86
45.86
45.16
45.63
45.16
44.93
44.47
44.93
45.39
44.93
45.63
45.86
46.09
46.09
46.55
45.63
46.55
46.09
46.09
45.86
45.39
45.39
45.16
44.93
45.39
45.63
45.16
45.16
44.93
45.39
47.01
47.01
47.01
47.48
47.94
47.94
47.48
47.71
47.94
48.64
48.87
48.17
48.64
48.64
48.64
48.87
49.10
50.26
51.18
51.65
50.95
50.95
51.42
51.65
51.18
50.95
51.18
51.18
51.18
50.95
51.18
51.42
51.65
51.42
51.42
50.72
50.49
50.49
50.49
50.49
50.49
50.26
50.95
50.26
50.03
50.03
50.26
50.95
50.72
51.18
51.65
51.42
51.88
51.42
51.42
51.18
51.18
52.11
53.04
53.27
53.73
53.73
54.19
54.89
56.05
55.35
56.28
56.05
56.28
56.97
55.58
56.05
56.97
57.44
57.44
57.21
56.97
56.74
56.74
56.97
57.44
57.67
57.67
59.98
59.52
59.29
58.36
57.90
57.90
58.36
58.36
56.74
57.21
56.51
57.67
57.44
57.21
56.74
56.51
55.82
56.97
56.97
57.90
58.83
58.59
58.36
58.83
59.75
60.45
59.52
59.29
59.29
59.52
59.29
58.83
58.83
59.29
59.06
61.61
62.07
61.84
61.61
60.91
61.14
59.52
59.75
59.98
60.45
62.30
62.30
61.14
61.61
60.45
61.14
60.91
60.45
60.91
61.37
62.53
62.76
63.00
62.53
61.84
61.84
60.91
61.37
61.61
61.84
61.14
60.68
61.37
61.14
62.07
63.00
63.00
63.92
64.15
66.70
67.63
67.40
67.40
66.24
68.09
67.16
69.71
69.94
71.10
69.94
69.71
68.55
67.16
67.16
67.16
67.86
67.86
67.63
67.63
65.54
65.31
66.01
65.54
66.47
66.47
66.24
65.77
65.31
65.08
65.54
66.47
65.77
65.31
65.31
66.93
68.09
70.41
70.41
70.87
72.26
72.72
75.50
72.95
72.72
70.41
67.40
68.09
68.32
71.56
71.33
70.18
70.87
70.41
69.94
70.18
68.55
67.86
68.09
68.09
68.55
71.10
69.25
68.79
69.48
68.32
66.93
66.47
65.54
64.15
63.92
65.08
64.39
64.62
63.23
64.15
64.15
62.53
61.84
61.61
61.84
62.07
62.07
63.92
64.39
63.92
64.39
63.69
64.62
63.46
63.00
63.23
62.53
63.46
66.24
69.02
69.02
67.86
68.09
67.63
69.48
69.02
68.55
68.55
68.09
67.16
66.01
66.01
65.54
63.00
61.84
61.61
61.61
60.22
59.98
59.52
59.98
59.98
58.83
59.29
59.06
58.36
58.59
58.59
59.06
59.52
57.67
57.21
54.66
54.89
56.28
55.82
56.51
56.51
54.19
54.19
53.04
44.93
46.32
42.61
43.54
43.08
46.32
52.34
47.48
48.40
53.04
54.66
53.73
51.88
52.80
52.80
54.43
53.73
56.51
55.82
55.58
56.74
56.74
56.97
55.35
54.43
54.89
55.35
56.05
57.90
59.75
58.59
60.68
63.46
61.84
61.61
60.45
59.75
61.37
60.91
61.14
60.45
59.98
59.98
58.83
59.75
60.68
60.68
59.98
60.68
60.68
61.61
63.23
64.85
63.00
63.92
62.53
63.92
64.62
62.30
61.84
60.68
61.61
59.98
60.68
60.68
60.68
59.75
59.98
59.75
58.83
58.59
57.67
57.90
57.67
57.90
59.52
60.45
59.52
59.06
58.83
57.90
57.90
57.44
58.83
58.59
58.59
58.36
59.29
58.36
58.36
57.90
56.74
54.66
55.35
54.43
54.89
55.82
54.89
55.58
54.89
55.12
55.12
53.96
52.34
52.11
52.34
51.65
50.95
50.95
51.42
51.65
51.65
51.88
51.88
52.11
52.34
51.42
50.72
50.26
50.03
50.03
49.33
48.87
47.94
48.17
48.17
47.71
47.25
46.78
45.63
46.32
47.01
46.55
46.55
47.01
47.01
47.25
47.01
46.78
47.71
47.48
48.17
47.48
47.01
46.55
46.55
46.32
45.86
46.09
46.32
45.16
45.16
43.31
43.08
43.31
44.24
44.24
47.48
47.71
48.17
48.40
50.03
49.10
49.56
48.87
48.17
49.10
48.64
49.56
51.88
50.95
50.95
51.18
52.80
52.57
51.65
51.65
52.80
53.04
53.27
52.57
52.34
51.88
52.11
51.88
51.88
48.64
49.10
49.10
49.79
49.56
50.49
49.79
49.10
49.79
50.49
50.03
50.03
49.33
49.33
49.33
49.10
49.10
48.17
47.71
48.17
47.94
46.78
47.01
46.55
46.78
46.32
45.86
45.86
45.39
45.86
45.39
45.86
45.86
47.25
47.71
48.64
47.94
47.71
48.64
48.64
48.17
47.94
47.48
47.71
48.40
47.48
48.17
47.01
47.25
46.78
46.55
46.32
46.32
47.01
47.25
47.71
47.94
47.71
47.48
47.48
47.01
48.40
47.48
47.94
47.94
47.94
47.71
47.48
47.48
47.71
47.25
47.01
46.55
46.55
46.55
46.09
46.09
46.32
46.32
46.32
46.32
46.32
46.09
45.86
46.32
46.78
46.78
46.09
46.32
46.55
46.55
46.55
46.09
45.86
46.55
46.09
46.09
46.32
46.09
46.32
46.09
46.09
47.94
47.01
47.48
47.94
47.94
47.94
47.71
47.25
47.48
49.10
49.56
49.10
48.40
48.40
47.94
48.87
48.40
47.94
43.54
41.92
41.69
41.92
42.38
42.38
42.15
41.69
41.92
41.92
41.22
40.53
40.76
41.46
41.22
41.22
40.99
41.22
40.99
40.76
40.76
40.76
40.99
40.99
40.30
39.37
39.14
40.07
40.99
40.53
40.99
40.99
40.76
40.76
40.53
41.69
40.99
40.99
40.99
41.22
42.15
41.92
42.38
42.85
43.08
43.08
43.77
43.54
43.31
43.54
43.54
42.15
42.15
41.69
42.15
42.15
42.38
42.61
42.15
42.61
41.92
42.15
42.15
42.15
42.15
41.69
41.69
41.92
41.92
42.61
42.38
42.38
42.85
43.08
42.38
42.85
42.85
42.85
43.08
42.85
42.61
42.61
42.61
42.38
42.38
42.61
42.15
41.69
41.92
41.46
41.69
41.69
40.76
40.99
40.99
40.99
41.22
41.69
41.46
41.69
41.46
41.69
42.38
42.15
42.15
41.92
41.22
40.53
40.07
40.30
40.30
40.07
40.53
40.76
40.76
40.99
41.22
41.46
41.69
41.69
41.69
41.92
40.99
41.46
41.69
41.69
41.92
41.69
41.69
41.92
41.92
41.22
40.99
41.22
41.22
41.69
41.46
41.22
41.22
40.99
41.22
40.76
40.76
41.22
41.46
41.22
41.46
41.22
41.22
41.22
41.46
41.69
41.46
41.69
41.92
42.15
42.61
42.61
42.15
42.38
43.08
42.61
42.61
42.38
42.61
41.92
42.15
42.61
41.92
42.38
42.15
42.38
40.99
40.76
41.46
41.69
41.69
41.69
41.46
41.69
41.22
40.76
40.53
40.76
40.30
40.76
40.76
40.76
40.99
40.99
40.76
40.76
40.76
40.76
40.53
41.46
40.99
40.99
40.99
41.46
41.22
41.46
41.46
41.22
40.99
40.99
41.22
40.76
40.99
40.99
41.75
40.75
40.00
39.50
39.75
38.25
39.25
40.00
40.50
40.25
40.25
40.25
40.75
40.50
40.50
40.25
41.75
41.75
40.75
39.50
38.75
39.50
39.50
39.00
38.50
38.25
38.25
37.50
37.50
37.75
37.75
37.75
36.00
37.00
37.50
38.00
37.25
38.25
37.50
37.50
37.25
37.75
38.25
38.50
39.00
39.00
38.75
38.75
38.75
38.50
38.75
38.50
38.25
38.25
38.00
38.25
39.00
38.75
38.75
38.50
38.50
39.00
39.25
40.25
40.50
40.25
41.25
42.25
42.50
42.25
42.50
42.75
42.75
43.25
43.75
43.75
43.50
44.00
43.75
43.25
43.50
44.00
44.00
43.75
43.00
42.75
42.75
43.00
42.75
41.75
42.00
42.50
42.00
42.25
42.25
41.75
41.25
41.75
41.25
41.00
40.00
40.00
40.00
39.75
40.00
38.75
39.25
39.00
38.50
39.25
39.25
40.50
40.00
40.50
40.50
41.00
40.75
41.00
41.50
41.75
41.50
40.75
40.75
40.75
40.75
41.50
41.00
41.00
41.75
40.75
40.50
40.25
40.25
40.75
40.75
41.25
41.00
41.00
41.00
41.00
41.00
40.75
41.50
41.75
41.75
42.00
42.00
42.25
42.25
42.50
42.50
42.50
42.50
42.50
42.25
42.50
42.50
42.50
42.75
42.75
43.25
43.25
43.75
43.50
44.00
44.50
44.50
44.00
44.00
43.75
43.75
44.00
44.00
43.50
43.25
43.25
43.75
43.00
43.25
43.25
42.25
43.00
43.00
43.00
42.75
42.50
42.75
42.75
42.75
42.75
42.75
42.75
42.50
42.25
42.75
42.50
42.50
41.25
41.50
41.00
40.75
39.50
39.50
39.25
39.50
39.25
39.25
38.75
38.25
37.50
38.50
38.75
38.00
37.75
38.25
38.25
39.00
38.75
38.50
39.00
39.50
38.50
38.50
38.50
38.50
38.50
38.25
38.50
38.75
39.25
39.25
39.25
38.75
38.25
38.50
38.50
37.75
37.75
37.75
37.75
37.50
37.50
39.00
38.75
38.75
38.50
38.50
37.50
37.50
37.25
36.50
36.00
36.50
36.75
36.50
36.25
36.25
36.25
36.50
36.25
36.00
36.25
36.25
36.50
37.50
37.50
37.50
37.25
37.25
37.00
37.75
37.00
37.25
36.75
36.50
36.50
36.00
36.00
36.00
36.00
35.75
36.25
36.50
36.25
35.75
35.25
35.25
35.25
35.25
35.50
35.75
36.00
36.25
36.75
37.00
37.25
37.25
35.25
35.00
35.75
36.25
36.50
35.50
35.50
35.75
35.50
35.75
35.50
35.50
35.00
35.25
35.50
35.25
35.50
36.00
35.50
36.00
36.00
36.50
36.25
36.00
35.50
34.75
34.25
34.25
34.00
34.00
34.00
33.50
33.50
33.00
33.25
33.25
33.00
32.25
32.00
32.25
32.25
31.75
31.50
31.25
30.75
31.50
31.25
30.25
30.75
31.00
31.00
30.75
31.00
31.25
31.75
31.00
31.25
31.50
32.00
31.50
33.00
33.00
32.50
32.25
32.25
32.25
32.25
32.50
33.25
32.25
32.00
32.25
32.25
32.00
32.25
31.75
32.00
32.50
32.50
32.75
32.75
33.00
33.50
32.75
33.00
34.25
35.00
32.50
31.25
31.25
31.75
31.25
30.75
30.25
29.75
30.25
31.25
30.75
30.00
30.75
31.00
30.50
30.75
31.25
31.25
31.50
31.75
32.00
32.25
32.00
31.50
31.25
31.25
31.25
31.25
31.50
31.00
30.25
30.25
30.25
30.00
30.00
30.50
30.25
30.50
30.50
30.50
30.25
30.00
30.50
30.50
30.75
30.50
30.50
30.25
30.00
29.75
29.75
29.25
29.25
29.75
29.50
29.75
30.00
29.75
29.25
29.50
29.00
28.75
28.75
28.75
28.50
28.50
29.00
29.25
29.00
29.50
29.25
28.75
28.50
28.25
27.75
28.25
28.25
27.75
28.00
28.00
27.75
27.75
28.00
28.00
27.75
