34.34
34.13
34.74
35.14
35.14
35.75
35.95
35.95
35.95
35.95
35.35
34.94
35.75
35.35
34.99
34.99
34.99
35.40
37.06
36.44
36.44
36.44
36.64
36.02
36.23
35.20
34.57
34.57
34.99
34.78
34.78
34.37
34.37
35.20
34.37
33.95
32.71
33.12
33.33
33.54
32.71
31.88
31.05
31.26
31.47
31.05
31.47
32.92
32.50
31.68
31.68
31.88
32.09
32.09
31.68
31.47
31.26
30.64
31.05
29.81
28.36
28.36
27.95
29.19
30.43
30.43
30.64
30.43
30.43
30.43
31.47
32.50
32.30
31.88
32.30
31.26
30.64
30.23
31.05
31.47
32.50
32.71
32.30
32.50
31.88
32.30
32.30
33.12
33.33
33.33
33.54
33.95
33.54
32.71
32.92
32.71
32.09
31.47
30.23
31.68
30.64
29.19
28.36
27.53
28.36
28.78
28.36
28.98
28.98
28.16
28.57
29.19
29.19
29.61
30.23
29.81
30.02
29.81
30.02
30.85
30.02
30.43
30.64
28.57
28.36
27.33
27.95
28.98
29.81
30.64
31.88
33.12
32.50
33.12
32.50
33.54
33.12
33.12
33.75
33.75
33.95
33.75
34.78
35.20
36.44
36.02
34.99
32.30
33.95
33.54
33.33
33.12
32.50
33.33
33.33
33.12
35.20
34.57
34.16
33.95
34.37
34.57
34.78
34.37
34.78
34.37
33.33
32.50
32.30
32.71
32.30
31.26
31.47
31.05
30.64
31.26
31.68
32.50
33.54
34.16
33.95
34.57
34.16
33.12
32.50
32.92
33.54
33.33
32.71
32.30
31.88
32.92
33.54
33.33
33.75
34.16
34.16
34.16
34.37
34.16
35.82
35.20
36.02
37.27
36.85
37.89
37.47
36.64
36.44
35.40
35.82
36.44
36.23
35.61
35.20
36.23
36.23
36.02
36.64
37.68
38.09
37.89
36.23
35.40
33.95
34.37
34.16
34.37
35.20
34.99
35.82
35.20
35.20
36.02
35.61
35.82
36.02
36.02
36.44
36.64
36.23
35.82
36.44
36.02
35.82
35.82
35.82
35.61
35.40
35.40
35.61
35.61
36.44
36.44
36.64
36.44
36.64
37.68
38.11
38.33
37.46
37.46
38.11
39.62
38.76
40.05
41.12
40.69
43.28
43.71
43.92
44.57
43.06
44.57
43.49
45.86
44.35
43.92
42.63
43.28
42.63
43.06
43.06
45.00
44.78
45.65
45.65
45.65
46.29
47.80
47.58
46.51
45.86
45.43
45.86
45.43
45.22
46.08
45.86
45.65
44.14
43.28
44.35
44.78
44.35
44.35
43.92
45.65
45.43
46.72
45.86
45.22
44.78
44.14
44.78
45.22
45.86
45.65
45.65
45.22
45.43
45.43
44.78
45.22
45.00
45.00
45.43
45.22
44.78
43.49
42.85
43.49
42.85
40.91
41.34
41.99
42.63
43.49
43.06
42.85
44.14
43.71
44.14
45.43
45.22
44.57
44.57
44.57
44.78
44.35
44.14
43.28
44.57
45.22
45.43
45.22
45.22
47.37
50.38
49.95
50.81
49.74
50.17
51.67
54.47
53.18
52.54
53.40
52.75
52.54
52.54
56.84
59.21
57.70
58.13
56.20
56.63
60.07
60.29
60.29
59.64
60.93
59.86
61.58
60.50
62.66
60.50
58.13
58.13
57.92
57.27
58.78
56.84
57.92
55.12
55.33
54.47
52.54
53.40
51.67
49.74
52.54
52.54
54.26
54.26
51.89
51.24
51.46
51.67
51.89
54.47
53.61
55.55
55.77
55.77
55.77
54.69
54.90
55.33
56.41
56.41
56.84
55.98
56.20
57.70
59.43
57.92
57.06
55.12
55.55
57.27
56.84
55.33
53.83
52.54
52.97
53.18
53.61
52.32
50.60
51.46
51.67
53.61
53.61
54.26
54.47
53.61
52.75
51.89
52.54
52.75
51.46
52.11
52.32
51.67
52.11
52.75
51.89
52.11
50.38
49.31
49.52
51.67
51.46
52.97
54.26
54.04
54.04
53.18
53.61
51.67
52.54
53.40
55.12
55.12
56.63
55.55
53.83
53.83
53.83
52.75
52.54
54.26
53.18
52.54
52.32
52.32
49.95
45.65
46.94
46.72
45.86
47.58
47.80
47.15
49.95
51.24
50.81
50.60
49.52
48.66
45.22
44.57
44.78
44.78
46.36
46.36
46.36
44.55
45.68
44.55
44.32
42.50
39.77
31.14
32.50
33.64
33.64
34.55
34.09
33.86
34.09
35.00
33.18
32.05
32.95
31.82
32.95
32.95
32.05
32.50
32.27
32.73
32.05
32.27
31.82
30.91
28.64
29.09
28.64
28.18
28.18
27.95
27.73
27.27
26.82
29.77
29.55
29.09
27.50
28.86
29.32
29.09
28.18
28.41
28.86
28.41
27.95
28.18
30.23
31.82
32.05
34.09
34.09
34.32
35.23
35.00
33.41
33.41
32.27
32.73
32.95
34.09
33.86
33.18
30.68
33.86
36.82
36.82
37.50
36.82
38.41
38.64
38.18
37.50
37.73
37.05
38.41
38.41
37.50
37.27
37.05
37.95
38.18
39.55
39.55
42.27
42.05
42.05
41.59
42.50
41.82
41.82
41.59
41.14
41.82
41.36
43.86
43.64
43.18
44.55
43.64
43.41
42.27
40.91
42.05
40.91
42.50
42.95
41.82
41.14
39.09
38.41
37.73
38.18
37.95
37.50
38.86
40.45
40.00
42.27
42.27
42.27
42.73
43.41
43.41
42.27
42.95
42.95
41.36
41.82
41.82
39.55
42.05
41.59
42.27
43.64
44.77
44.77
45.23
45.45
45.91
44.77
45.00
45.45
43.86
44.32
43.64
42.73
41.59
41.82
43.41
42.73
42.73
42.73
40.45
41.59
40.91
40.91
40.68
41.14
43.41
44.09
44.32
44.55
44.32
44.32
43.86
42.50
41.82
41.82
40.45
40.91
43.18
44.09
44.09
44.55
42.95
43.41
43.18
44.32
46.14
46.82
46.14
47.73
47.95
47.27
46.36
47.50
47.73
47.27
45.68
43.86
45.68
45.68
45.91
46.36
45.45
46.36
45.68
44.09
44.09
44.32
43.41
44.32
44.09
44.55
45.23
46.36
46.36
46.14
47.05
47.95
48.64
48.64
48.18
47.73
47.27
48.18
48.18
48.18
49.09
50.00
49.32
48.86
48.86
48.41
48.18
48.41
48.41
50.68
51.14
50.91
50.68
48.86
49.55
48.86
49.09
50.23
49.77
50.23
52.00
51.75
49.50
50.00
50.00
49.75
49.25
49.50
48.00
45.75
45.75
49.00
48.75
49.50
50.00
51.00
49.50
49.75
49.75
52.00
52.75
52.50
52.75
54.00
54.00
53.25
54.50
54.00
53.50
54.25
55.75
55.75
55.25
55.50
54.75
54.75
56.00
56.25
57.75
56.75
57.00
56.00
56.25
55.50
54.25
55.75
55.50
55.00
54.25
54.00
55.50
56.50
55.50
55.00
55.25
55.50
54.50
54.25
54.75
54.75
54.50
52.75
54.50
57.50
54.50
50.50
48.75
49.50
51.75
54.25
54.50
53.50
54.75
55.00
54.75
54.00
54.25
54.75
55.75
55.75
56.25
55.75
56.25
58.50
57.75
57.25
57.25
55.00
55.75
55.25
55.00
57.00
57.50
56.25
55.25
55.00
53.75
54.50
56.75
57.25
57.25
56.25
55.50
56.00
57.00
57.25
58.25
58.25
58.25
59.50
61.50
62.00
62.75
62.75
62.75
64.00
64.00
63.75
64.50
65.25
64.00
64.50
64.50
65.50
62.25
62.75
62.75
64.25
63.75
63.25
62.50
63.25
62.75
64.25
64.75
64.50
64.25
64.50
65.25
63.50
63.75
62.25
62.75
61.75
62.75
62.75
62.50
61.00
62.25
64.00
63.50
63.00
63.75
64.50
65.75
66.50
67.50
67.75
67.50
67.50
67.75
68.50
68.00
68.25
67.00
70.25
69.50
69.50
70.00
70.50
70.00
69.75
68.75
70.50
70.25
69.00
71.50
74.25
74.00
73.25
72.00
73.25
76.25
75.00
74.25
75.50
75.00
76.50
77.00
76.75
78.50
77.75
78.75
76.25
74.50
71.25
69.75
73.50
71.00
73.75
70.00
71.25
67.25
63.75
67.75
68.25
69.25
67.00
63.75
65.75
62.00
52.75
56.75
50.75
47.25
45.50
42.25
48.50
41.25
36.00
36.50
40.75
43.50
40.75
42.50
37.00
39.00
37.25
41.75
45.25
47.50
51.75
54.00
51.25
49.50
47.50
51.25
54.50
53.50
52.75
53.00
52.00
53.25
54.00
53.50
53.75
52.50
51.00
50.75
53.00
53.25
54.50
53.75
54.25
53.25
53.50
56.50
59.00
58.75
58.50
58.50
57.50
55.00
57.00
56.00
56.25
57.25
59.00
61.50
60.00
60.50
63.75
65.50
61.00
61.00
59.00
57.50
57.25
53.75
52.25
52.50
51.75
51.00
51.50
51.50
52.75
54.50
53.50
53.00
51.50
52.00
50.75
49.25
50.00
52.00
52.00
52.75
50.75
51.25
51.75
54.25
51.75
49.00
47.50
48.00
47.50
49.50
46.25
46.00
46.00
45.00
46.75
46.50
46.50
46.00
46.50
44.50
45.50
43.75
44.00
43.50
47.75
47.75
48.00
45.75
46.50
45.75
45.00
44.25
48.25
47.50
46.25
45.75
46.25
48.75
47.50
48.00
48.25
49.00
50.50
49.25
50.00
50.00
49.00
48.75
49.75
48.50
48.50
50.00
50.75
50.25
48.25
49.00
48.75
47.00
47.75
46.75
46.25
45.75
47.50
47.75
48.25
49.75
49.00
49.50
50.75
52.25
51.00
53.00
52.75
52.75
52.50
55.00
54.00
53.50
53.75
55.00
54.75
54.50
55.25
55.25
54.50
57.75
58.75
59.50
58.25
58.50
58.25
59.25
61.50
62.00
61.50
62.25
62.75
62.50
64.00
65.50
60.50
64.25
62.75
64.50
67.75
65.50
67.25
65.75
66.50
66.75
65.50
69.25
69.50
70.50
70.25
69.50
69.00
68.00
67.75
69.50
70.00
68.50
66.25
69.00
68.50
70.75
66.25
67.00
66.50
67.00
67.25
66.75
66.75
67.00
68.00
67.75
67.25
66.50
67.00
65.75
64.50
63.75
62.25
63.75
63.25
63.00
67.00
69.75
72.00
78.50
77.50
83.75
82.25
83.50
81.75
82.00
81.75
83.25
82.50
82.00
82.25
83.25
83.50
86.75
85.00
84.75
84.75
85.75
85.25
86.00
85.50
85.50
82.75
81.75
85.50
81.75
82.25
83.50
88.25
88.25
83.50
82.00
84.25
83.00
83.75
83.50
83.25
77.50
80.75
82.50
80.50
78.25
73.00
74.00
71.50
73.50
72.25
73.00
72.75
73.00
73.50
76.25
75.50
75.25
75.25
77.25
75.75
75.00
74.00
73.75
74.50
74.75
77.50
75.75
73.50
72.50
72.50
73.00
72.25
72.00
70.50
68.75
69.25
69.75
70.00
68.75
70.50
69.25
69.25
70.00
69.75
67.00
68.75
68.75
70.75
71.50
70.00
71.00
70.25
69.00
69.25
69.00
68.25
67.25
65.00
64.00
63.75
65.50
66.75
66.75
66.50
67.50
66.50
63.50
63.75
64.25
64.00
67.50
67.50
67.50
70.50
70.25
70.50
70.00
70.75
71.25
71.75
70.75
70.50
70.50
69.25
68.75
68.75
68.25
69.00
69.75
70.00
71.25
71.25
71.00
69.00
68.50
67.50
65.00
63.50
63.50
63.25
63.00
63.25
63.50
64.00
63.75
65.25
65.00
63.75
64.25
63.75
63.50
63.25
63.50
63.75
64.00
63.75
62.75
62.25
62.25
64.00
63.00
62.75
63.25
64.75
64.75
63.75
64.00
63.00
62.75
63.00
63.00
63.25
67.50
67.50
66.25
66.00
64.75
64.00
63.75
62.75
61.50
60.00
60.00
59.25
59.25
59.25
61.00
61.25
62.00
62.00
61.50
62.00
61.50
60.00
59.75
60.00
59.50
59.75
60.00
60.50
61.25
61.75
62.25
62.50
61.25
60.75
61.25
61.75
61.75
64.75
66.50
67.00
65.25
63.75
63.50
62.75
63.00
61.25
60.25
60.00
59.50
60.25
61.00
61.50
63.25
63.50
64.00
63.75
63.75
63.25
62.75
62.00
60.75
59.75
59.75
59.25
58.50
59.00
57.25
57.75
57.75
58.25
57.50
58.25
58.25
56.50
55.00
55.50
56.00
55.75
55.50
54.50
56.50
58.25
58.25
58.50
56.50
57.00
56.75
56.50
56.25
56.50
57.25
57.00
57.25
57.25
56.00
55.25
54.25
54.00
53.00
53.75
54.25
54.75
55.50
55.00
54.00
53.75
52.25
52.75
53.75
52.50
52.00
51.00
49.25
51.00
50.25
47.75
47.00
48.75
50.50
49.50
50.25
50.75
50.00
51.00
53.25
54.00
55.00
55.50
55.25
55.00
54.75
54.25
54.50
54.25
53.00
50.50
50.50
50.00
48.50
48.50
48.50
48.75
47.50
49.50
50.00
50.25
50.50
49.50
48.50
48.50
47.75
46.00
47.25
47.75
47.00
47.25
46.50
46.50
46.75
47.75
48.25
48.50
48.75
49.50
49.75
49.25
49.75
51.25
51.00
50.75
53.25
53.50
53.25
53.25
51.25
51.50
51.25
51.75
52.75
52.50
51.25
49.50
50.00
49.75
50.75
50.75
49.00
48.25
48.75
48.00
48.25
48.50
48.50
48.25
49.00
48.75
51.75
51.50
51.25
50.75
49.50
49.00
49.00
48.50
49.00
47.00
45.25
45.00
44.50
43.25
43.00
41.25
41.25
41.50
43.00
41.75
40.25
40.00
41.00
39.25
40.50
40.50
40.25
39.00
39.50
39.75
41.00
40.50
41.00
41.75
41.75
41.50
42.50
43.25
43.25
41.75
41.50
43.50
43.75
44.00
43.25
41.75
42.00
43.00
43.25
44.00
45.00
45.00
44.75
45.25
45.25
46.00
47.00
47.75
47.50
48.75
49.75
48.75
50.00
49.50
49.25
48.25
47.75
46.75
47.75
47.75
47.50
48.50
49.25
49.50
48.75
47.75
47.50
47.00
48.00
52.50
53.00
52.75
53.00
55.00
54.50
55.75
55.50
55.75
52.75
53.75
54.25
53.25
52.75
54.00
54.25
53.25
56.00
57.75
57.75
56.50
55.50
55.00
55.00
55.50
57.00
56.00
52.75
54.50
53.25
55.75
56.00
55.00
55.75
56.25
54.50
54.00
55.00
53.00
52.25
53.75
52.75
53.00
52.00
50.00
48.25
49.25
49.25
50.25
48.75
49.75
50.25
51.50
51.00
51.50
53.25
53.00
52.00
52.75
52.75
53.00
51.00
53.25
55.50
56.00
56.50
56.75
57.00
55.75
56.00
55.50
55.25
54.25
54.75
54.25
55.50
54.50
56.00
58.50
58.50
60.75
59.50
60.50
59.50
56.25
52.50
52.50
52.25
53.00
54.50
54.50
54.25
54.25
54.00
54.25
55.75
56.00
56.50
54.50
54.00
55.50
55.00
54.50
54.75
54.75
51.00
50.75
50.75
50.00
49.50
47.75
47.75
46.00
46.50
47.00
46.50
47.25
48.25
49.50
49.75
47.25
46.50
46.75
46.00
44.75
45.75
47.50
48.25
47.75
49.00
47.50
47.50
46.75
46.75
46.25
48.50
47.25
46.00
46.00
45.25
45.50
45.00
48.00
48.50
48.25
47.25
44.00
44.75
46.00
47.00
48.25
47.75
48.25
50.25
49.50
50.50
50.50
51.00
50.00
48.75
50.00
48.25
47.00
47.75
47.00
46.75
46.00
46.50
46.50
45.25
45.00
45.00
45.25
45.50
44.25
43.25
43.50
42.25
42.75
43.00
41.75
42.75
44.25
42.50
42.00
43.50
44.50
44.50
44.00
43.75
42.75
42.00
40.75
42.25
42.50
41.50
42.50
42.75
41.50
41.75
44.75
46.25
46.00
45.25
46.00
46.25
45.00
45.00
44.50
46.75
43.75
43.75
44.00
44.25
44.00
44.50
44.50
43.75
44.25
45.00
44.25
44.25
44.00
44.00
43.25
43.25
42.00
40.25
42.50
42.75
42.50
42.00
42.25
42.75
43.00
43.25
42.25
40.75
40.50
41.50
42.00
42.00
41.75
41.50
41.50
42.00
41.50
41.25
40.50
40.50
40.25
39.25
39.25
38.25
37.75
38.50
38.00
38.25
38.75
39.50
39.50
38.75
39.50
39.50
39.75
40.25
39.75
39.75
40.00
40.25
39.50
39.75
40.25
40.25
40.25
41.50
41.25
41.00
40.50
39.75
38.00
37.50
37.00
36.50
38.25
37.25
39.00
39.00
39.25
39.50
40.00
39.25
39.25
40.00
40.00
41.50
42.00
42.00
42.75
42.75
42.25
42.25
42.25
42.75
42.50
