114.00
112.50
115.00
117.50
115.50
113.50
110.50
113.00
112.50
109.00
107.50
108.00
110.00
108.00
111.50
115.00
111.00
108.50
109.50
111.00
112.50
113.00
111.50
110.50
110.00
108.50
109.00
113.00
111.50
108.00
107.50
109.00
106.00
106.00
103.00
105.00
102.00
102.00
104.00
104.00
104.50
103.50
104.00
104.50
102.00
100.50
100.00
99.00
98.75
102.00
100.00
95.00
94.00
95.25
91.25
90.75
94.00
97.00
102.00
100.50
101.50
100.00
100.50
100.50
101.00
103.50
107.00
106.50
104.50
105.00
106.00
106.00
108.00
108.00
105.00
103.50
104.50
104.50
110.50
110.50
108.50
111.00
110.50
109.50
109.00
111.50
111.50
111.50
111.50
111.50
111.50
111.00
110.00
106.50
105.00
106.00
107.50
107.00
108.00
108.50
107.00
105.00
103.50
104.50
104.00
102.00
103.50
104.00
105.00
105.00
104.50
103.50
103.00
103.00
105.00
106.50
107.50
106.00
105.50
106.00
105.50
105.50
106.00
106.50
106.50
108.00
107.00
107.00
106.50
105.50
106.00
106.50
105.00
106.00
106.50
106.00
105.50
105.50
106.00
105.00
105.50
105.50
105.00
105.00
105.00
105.50
105.00
104.00
104.00
103.00
103.00
103.00
103.50
103.00
103.50
103.50
103.50
104.50
104.50
105.00
104.50
105.50
106.00
106.50
107.00
107.00
109.00
110.50
113.00
114.00
113.50
112.50
112.00
111.50
112.00
110.50
110.00
111.00
108.50
107.00
107.00
106.50
107.50
108.50
107.50
104.00
105.50
105.00
105.00
104.00
103.50
102.50
103.50
100.50
101.00
100.50
99.75
99.50
99.25
100.50
100.50
99.75
99.75
101.50
103.50
104.00
104.00
103.50
104.50
105.00
104.00
104.00
102.50
99.75
97.50
101.00
100.00
101.50
100.50
102.00
101.50
102.00
102.50
101.50
102.50
103.50
102.50
102.50
103.50
103.50
103.00
103.50
104.50
106.00
105.50
101.50
101.00
100.50
99.75
103.00
102.50
102.00
104.00
103.50
103.50
102.50
103.50
105.50
106.50
107.00
107.00
105.50
106.00
104.50
103.00
103.50
103.00
102.50
103.50
103.50
102.50
102.00
103.00
103.00
103.50
104.00
105.50
105.50
105.50
107.50
107.50
107.50
108.00
108.00
107.00
106.50
107.00
107.50
108.00
107.00
107.50
107.50
106.00
103.50
104.50
106.50
107.50
109.50
109.00
108.00
108.50
108.50
109.50
108.00
107.50
108.50
109.50
111.50
111.00
111.00
110.50
107.50
107.00
110.00
111.00
112.50
112.00
111.00
110.50
111.50
111.50
112.50
113.50
113.00
113.00
113.50
114.00
113.50
113.50
114.50
117.50
116.00
117.00
117.50
117.00
117.00
118.00
118.00
118.50
116.00
116.50
116.00
116.00
116.00
116.00
114.00
114.50
114.00
111.50
110.50
110.00
108.50
103.50
103.50
102.00
103.00
101.00
102.50
101.50
101.50
103.00
102.00
102.00
102.00
101.50
103.50
104.00
103.50
104.00
104.50
103.50
99.75
96.00
98.25
97.25
100.00
99.00
98.50
98.00
99.00
100.00
100.00
98.50
98.25
97.75
97.50
98.00
98.50
98.50
98.50
99.00
98.50
99.25
99.25
99.00
99.25
100.00
100.50
99.75
99.25
99.75
100.50
99.75
99.50
99.25
99.50
98.50
99.50
101.00
102.50
102.50
103.50
103.50
104.00
103.50
104.00
103.50
106.00
106.00
106.00
105.50
106.50
105.00
106.00
104.00
105.00
105.00
104.50
103.50
102.50
102.50
105.00
105.00
104.00
104.50
106.00
105.50
105.00
104.00
104.00
104.50
105.00
105.00
106.00
105.50
104.00
103.00
104.00
102.00
102.50
101.50
103.50
103.50
104.00
111.00
111.00
112.50
113.50
113.50
112.50
111.50
112.50
112.00
113.00
112.50
113.50
113.00
112.50
113.50
115.00
114.00
114.50
115.50
115.00
115.00
115.50
114.50
114.50
114.50
114.00
114.00
114.00
114.00
112.50
