458.00
450.00
448.00
454.00
444.00
450.00
466.00
488.00
488.00
486.00
482.00
478.00
488.00
492.00
484.00
488.00
482.00
482.00
490.00
490.00
486.00
492.00
482.00
490.00
490.00
484.00
480.00
472.00
466.00
472.00
468.00
474.00
480.00
484.00
478.00
482.00
486.00
488.00
486.00
480.00
478.00
478.00
476.00
474.00
470.00
466.00
466.00
474.00
476.00
476.00
480.00
470.00
476.00
482.00
474.00
476.00
476.00
472.00
476.00
476.00
474.00
478.00
482.00
488.00
490.00
490.00
508.00
500.00
510.00
510.00
504.00
514.00
512.00
510.00
510.00
514.00
516.00
512.00
514.00
518.00
520.00
524.00
530.00
534.00
520.00
518.00
520.00
512.00
514.00
510.00
518.00
516.00
514.00
518.00
520.00
530.00
548.00
538.00
538.00
536.00
522.00
514.00
516.00
516.00
526.00
526.00
522.00
524.00
524.00
518.00
522.00
526.00
520.00
516.00
516.00
516.00
520.00
516.00
524.00
528.00
528.00
522.00
522.00
510.00
500.00
498.00
500.00
508.00
506.00
510.00
512.00
512.00
508.00
510.00
506.00
500.00
496.00
500.00
510.00
500.00
502.00
498.00
502.00
502.00
498.00
504.00
496.00
486.00
482.00
478.00
472.00
464.00
472.00
474.00
478.00
474.00
478.00
480.00
474.00
476.00
478.00
478.00
484.00
482.00
478.00
480.00
480.00
484.00
480.00
480.00
480.00
482.00
476.00
480.00
484.00
482.00
480.00
486.00
490.00
496.00
494.00
500.00
498.00
500.00
498.00
502.00
496.00
492.00
488.00
492.00
492.00
496.00
496.00
496.00
496.00
508.00
514.00
516.00
510.00
506.00
512.00
514.00
520.00
522.00
522.00
518.00
518.00
526.00
520.00
518.00
522.00
522.00
518.00
516.00
516.00
520.00
520.00
516.00
516.00
520.00
522.00
524.00
522.00
526.00
536.00
536.00
524.00
534.00
528.00
526.00
532.00
538.00
536.00
534.00
532.00
532.00
540.00
536.00
538.00
538.00
542.00
540.00
542.00
532.00
538.00
550.00
550.00
544.00
546.00
540.00
538.00
542.00
540.00
542.00
544.00
542.00
548.00
544.00
536.00
528.00
530.00
530.00
520.00
524.00
520.00
512.00
514.00
510.00
522.00
520.00
522.00
520.00
522.00
524.00
522.00
522.00
526.00
522.00
524.00
526.00
520.00
524.00
526.00
522.00
516.00
520.00
520.00
520.00
518.00
520.00
516.00
518.00
512.00
510.00
508.00
512.00
512.00
508.00
508.00
504.00
502.00
504.00
504.00
506.00
508.00
508.00
504.00
496.00
496.00
504.00
510.00
506.00
510.00
508.00
504.00
500.00
506.00
506.00
500.00
500.00
506.00
500.00
500.00
498.00
496.00
490.00
486.00
488.00
486.00
484.00
490.00
496.00
496.00
492.00
488.00
492.00
490.00
488.00
484.00
486.00
506.00
502.00
500.00
496.00
500.00
498.00
500.00
498.00
500.00
496.00
498.00
496.00
498.00
504.00
512.00
506.00
510.00
506.00
502.00
504.00
500.00
500.00
494.00
500.00
500.00
502.00
500.00
496.00
496.00
498.00
500.00
502.00
500.00
498.00
498.00
494.00
488.00
492.00
488.00
488.00
492.00
488.00
490.00
480.00
478.00
480.00
478.00
480.00
472.00
472.00
474.00
476.00
474.00
472.00
470.00
474.00
480.00
488.00
496.00
494.00
488.00
488.00
486.00
482.00
476.00
472.00
472.00
476.00
478.00
478.00
478.00
480.00
482.00
480.00
482.00
482.00
492.00
494.00
488.00
490.00
488.00
486.00
480.00
484.00
490.00
496.00
490.00
492.00
496.00
504.00
498.00
498.00
504.00
502.00
502.00
502.00
500.00
492.00
496.00
502.00
494.00
496.00
494.00
492.00
492.00
494.00
492.00
486.00
480.00
480.00
480.00
476.00
476.00
484.00
478.00
478.00
480.00
482.00
482.00
478.00
478.00
480.00
482.00
494.00
490.00
488.00
486.00
490.00
486.00
488.00
492.00
504.00
504.00
504.00
508.00
504.00
498.00
504.00
502.00
506.00
500.00
498.00
504.00
502.00
494.00
500.00
502.00
498.00
484.00
482.00
492.00
496.00
492.00
488.00
482.00
486.00
484.00
486.00
486.00
478.00
474.00
468.00
470.00
468.00
468.00
472.00
462.00
466.00
470.00
468.00
468.00
470.00
470.00
470.00
464.00
464.00
462.00
468.00
470.00
462.00
462.00
466.00
464.00
452.00
446.00
452.00
452.00
458.00
450.00
450.00
446.00
450.00
446.00
444.00
434.00
434.00
422.00
410.00
420.00
408.00
404.00
406.00
410.00
410.00
410.00
414.00
424.00
418.00
412.00
410.00
410.00
416.00
426.00
424.00
428.00
428.00
422.00
422.00
426.00
428.00
426.00
430.00
436.00
446.00
452.00
448.00
456.00
454.00
452.00
452.00
454.00
454.00
454.00
452.00
446.00
446.00
444.00
450.00
460.00
458.00
456.00
458.00
454.00
456.00
452.00
452.00
454.00
452.00
452.00
452.00
442.00
440.00
442.00
440.00
434.00
434.00
442.00
444.00
442.00
448.00
454.00
450.00
458.00
452.00
454.00
452.00
450.00
446.00
448.00
442.00
440.00
436.00
432.00
428.00
424.00
426.00
422.00
420.00
418.00
420.00
416.00
414.00
412.00
408.00
420.00
408.00
406.00
410.00
418.00
416.00
426.00
422.00
428.00
432.00
432.00
432.00
426.00
436.00
440.00
438.00
436.00
440.00
436.00
438.00
440.00
444.00
448.00
440.00
448.00
442.00
442.00
442.00
444.00
440.00
440.00
440.00
440.00
424.00
428.00
428.00
422.00
430.00
432.00
438.00
426.00
428.00
430.00
432.00
436.00
436.00
434.00
436.00
436.00
430.00
434.00
428.00
430.00
432.00
432.00
426.00
438.00
442.00
444.00
446.00
446.00
450.00
452.00
466.00
470.00
472.00
468.00
464.00
462.00
464.00
470.00
466.00
472.00
468.00
464.00
470.00
472.00
462.00
462.00
472.00
472.00
478.00
476.00
472.00
472.00
474.00
468.00
470.00
472.00
466.00
468.00
472.00
474.00
476.00
480.00
482.00
478.00
478.00
480.00
476.00
476.00
484.00
482.00
484.00
484.00
486.00
482.00
488.00
488.00
476.00
476.00
476.00
474.00
466.00
454.00
458.00
462.00
460.00
460.00
458.00
454.00
456.00
456.00
454.00
458.00
462.00
460.00
460.00
462.00
458.00
458.00
460.00
460.00
460.00
460.00
460.00
454.00
460.00
470.00
462.00
464.00
468.00
460.00
448.00
450.00
452.00
458.00
460.00
462.00
460.00
460.00
460.00
460.00
462.00
458.00
460.00
462.00
468.00
470.00
472.00
468.00
470.00
472.00
472.00
472.00
474.00
472.00
470.00
468.00
462.00
462.00
464.00
456.00
458.00
454.00
458.00
454.00
452.00
450.00
452.00
450.00
448.00
446.00
440.00
434.00
434.00
432.00
430.00
426.00
422.00
422.00
414.00
414.00
410.00
410.00
406.00
412.00
414.00
408.00
410.00
406.00
412.00
402.00
402.00
402.00
408.00
416.00
410.00
404.00
408.00
412.00
418.00
424.00
424.00
436.00
438.00
438.00
426.00
414.00
418.00
416.00
414.00
416.00
414.00
410.00
412.00
412.00
408.00
408.00
408.00
399.00
398.00
389.00
386.00
385.00
372.00
372.00
374.00
369.00
366.00
369.00
370.00
371.00
365.00
354.00
359.00
356.00
365.00
367.00
369.00
379.00
384.00
388.00
392.00
393.00
389.00
390.00
390.00
386.00
379.00
383.00
386.00
383.00
384.00
387.00
393.00
393.00
387.00
389.00
381.00
375.00
368.00
369.00
367.00
365.00
366.00
370.00
381.00
375.00
378.00
387.00
386.00
395.00
392.00
390.00
389.00
390.00
390.00
392.00
392.00
385.00
372.00
378.00
365.00
371.00
373.00
368.00
367.00
366.00
369.00
371.00
369.00
363.00
359.00
364.00
363.00
353.00
345.00
355.00
356.00
358.00
358.00
364.00
361.00
365.00
364.00
367.00
368.00
365.00
368.00
366.00
364.00
362.00
356.00
350.00
335.00
335.00
316.00
324.00
310.00
308.00
320.00
319.00
324.00
316.00
311.00
315.00
312.00
279.00
284.00
267.00
272.00
274.00
276.00
316.00
285.00
289.00
313.00
323.00
320.00
312.00
324.00
318.00
316.00
313.00
329.00
329.00
320.00
324.00
321.00
323.00
323.00
314.00
327.00
322.00
319.00
328.00
326.00
323.00
330.00
339.00
340.00
346.00
338.00
332.00
336.00
339.00
342.00
340.00
341.00
336.00
339.00
345.00
347.00
346.00
341.00
343.00
342.00
341.00
333.00
343.00
341.00
353.00
360.00
368.00
363.00
367.00
372.00
364.00
358.00
355.00
361.00
364.00
361.00
358.00
356.00
359.00
353.00
361.00
368.00
365.00
368.00
372.00
390.00
390.00
380.00
379.00
382.00
383.00
381.00
384.00
386.00
385.00
385.00
390.00
390.00
387.00
388.00
382.00
383.00
375.00
382.00
373.00
370.00
379.00
379.00
377.00
378.00
375.00
371.00
364.00
368.00
372.00
364.00
358.00
359.00
361.00
356.00
351.00
348.00
343.00
354.00
357.00
369.00
369.00
368.00
365.00
349.00
347.00
346.00
344.00
344.00
340.00
339.00
331.00
330.00
331.00
323.00
321.00
324.00
324.00
322.00
337.00
337.00
337.00
347.00
349.00
351.00
351.00
350.00
348.00
341.00
334.00
334.00
339.00
341.00
335.00
340.00
346.00
345.00
346.00
338.00
337.00
343.00
341.00
350.00
350.00
361.00
367.00
363.00
358.00
361.00
358.00
360.00
363.00
358.00
364.00
371.00
368.00
371.00
375.00
377.00
374.00
375.00
376.00
381.00
384.00
398.00
395.00
391.00
387.00
389.00
386.00
384.00
370.00
372.00
372.00
377.00
380.00
374.00
382.00
378.00
377.00
379.00
376.00
381.00
385.00
384.00
382.00
386.00
390.00
390.00
387.00
388.00
387.00
386.00
393.00
396.00
395.00
392.00
381.00
378.00
374.00
383.00
374.00
372.00
371.00
373.00
375.00
376.00
375.00
374.00
374.00
372.00
370.00
370.00
365.00
368.00
366.00
366.00
369.00
366.00
373.00
370.00
368.00
370.00
371.00
377.00
374.00
374.00
377.00
379.00
376.00
379.00
378.00
378.00
386.00
396.00
394.00
395.00
398.00
402.00
399.00
397.00
402.00
399.00
396.00
389.00
408.00
406.00
410.00
414.00
418.00
422.00
430.00
428.00
434.00
440.00
452.00
466.00
462.00
462.00
474.00
464.00
462.00
470.00
462.00
460.00
464.00
446.00
452.00
446.00
444.00
442.00
434.00
436.00
440.00
442.00
438.00
442.00
438.00
430.00
428.00
420.00
424.00
424.00
428.00
426.00
420.00
422.00
418.00
422.00
418.00
412.00
414.00
420.00
424.00
420.00
430.00
432.00
428.00
428.00
428.00
420.00
416.00
420.00
420.00
420.00
430.00
426.00
422.00
424.00
424.00
422.00
408.00
416.00
412.00
408.00
410.00
414.00
418.00
424.00
422.00
414.00
412.00
416.00
418.00
416.00
410.00
406.00
406.00
416.00
414.00
416.00
422.00
418.00
422.00
426.00
426.00
428.00
430.00
426.00
426.00
428.00
424.00
422.00
418.00
414.00
412.00
418.00
412.00
416.00
414.00
416.00
408.00
410.00
412.00
412.00
414.00
406.00
402.00
402.00
402.00
402.00
402.00
395.00
400.00
406.00
398.00
397.00
397.00
399.00
402.00
393.00
394.00
396.00
397.00
394.00
397.00
398.00
395.00
394.00
393.00
397.00
396.00
398.00
399.00
396.00
394.00
397.00
396.00
396.00
396.00
394.00
395.00
395.00
393.00
392.00
392.00
391.00
385.00
381.00
372.00
376.00
373.00
376.00
380.00
377.00
375.00
377.00
378.00
375.00
379.00
377.00
376.00
379.00
378.00
380.00
380.00
379.00
382.00
388.00
386.00
387.00
388.00
382.00
380.00
382.00
389.00
390.00
390.00
389.00
388.00
381.00
380.00
380.00
378.00
378.00
378.00
382.00
389.00
388.00
385.00
385.00
384.00
385.00
386.00
382.00
387.00
391.00
391.00
387.00
383.00
388.00
399.00
397.00
398.00
395.00
393.00
387.00
388.00
392.00
390.00
386.00
385.00
381.00
371.00
370.00
372.00
377.00
377.00
380.00
381.00
384.00
385.00
381.00
378.00
381.00
381.00
382.00
381.00
380.00
379.00
382.00
383.00
383.00
384.00
383.00
371.00
368.00
364.00
363.00
361.00
360.00
363.00
362.00
362.00
358.00
358.00
356.00
360.00
370.00
370.00
371.00
368.00
362.00
368.00
362.00
360.00
358.00
361.00
363.00
359.00
361.00
365.00
361.00
364.00
365.00
366.00
369.00
372.00
371.00
369.00
366.00
364.00
364.00
366.00
363.00
360.00
359.00
358.00
355.00
356.00
360.00
363.00
364.00
366.00
379.00
381.00
382.00
380.00
374.00
378.00
375.00
372.00
376.00
378.00
379.00
379.00
375.00
374.00
371.00
372.00
371.00
368.00
370.00
373.00
371.00
370.00
373.00
366.00
364.00
363.00
365.00
367.00
371.00
369.00
365.00
366.00
364.00
365.00
366.00
365.00
363.00
362.00
361.00
359.00
360.00
361.00
358.00
359.00
358.00
357.00
357.00
356.00
356.00
355.00
355.00
354.00
358.00
354.00
346.00
341.00
341.00
337.00
337.00
328.00
333.00
328.00
328.00
330.00
327.00
326.00
326.00
320.00
320.00
321.00
321.00
318.00
313.00
312.00
308.00
311.00
318.00
320.00
319.00
321.00
327.00
326.00
323.00
323.00
324.00
337.00
337.00
337.00
335.00
342.00
345.00
339.00
339.00
344.00
348.00
348.00
344.00
345.00
344.00
345.00
339.00
339.00
342.00
337.00
338.00
340.00
336.00
339.00
334.00
330.00
330.00
331.00
334.00
331.00
336.00
332.00
333.00
331.00
332.00
331.00
332.00
334.00
335.00
340.00
341.00
344.00
342.00
342.00
345.00
349.00
350.00
352.00
358.00
359.00
356.00
355.00
354.00
359.00
356.00
356.00
355.00
353.00
348.00
345.00
334.00
340.00
344.00
336.00
342.00
338.00
338.00
336.00
338.00
338.00
338.00
338.00
335.00
341.00
338.00
340.00
340.00
339.00
340.00
336.00
338.00
331.00
328.00
327.00
321.00
330.00
328.00
334.00
331.00
331.00
331.00
329.00
316.00
323.00
318.00
315.00
315.00
320.00
321.00
322.00
319.00
319.00
320.00
321.00
315.00
315.00
317.00
315.00
315.00
312.00
314.00
312.00
316.00
315.00
312.00
309.00
305.00
304.00
305.00
303.00
301.00
311.00
314.00
316.00
325.00
335.00
334.00
334.00
334.00
336.00
333.00
337.00
339.00
339.00
339.00
336.00
337.00
336.00
330.00
332.00
332.00
325.00
319.00
323.00
325.00
328.00
332.00
338.00
333.00
332.00
334.00
335.00
331.00
331.00
329.00
331.00
325.00
327.00
325.00
324.00
321.00
322.00
320.00
322.00
326.00
326.00
327.00
323.00
322.00
324.00
323.00
326.00
323.00
328.00
327.00
328.00
324.00
319.00
321.00
319.00
320.00
318.00
322.00
325.00
324.00
324.00
320.00
319.00
319.00
318.00
318.00
317.00
314.00
313.00
317.00
314.00
313.00
313.00
314.00
316.00
319.00
315.00
316.00
315.00
313.00
312.00
311.00
312.00
311.00
311.00
311.00
310.00
311.00
308.00
310.00
310.00
308.00
306.00
303.00
306.00
310.00
305.00
303.00
305.00
299.00
301.00
302.00
298.00
298.00
305.00
302.00
303.00
301.00
302.00
300.00
297.00
293.00
296.00
290.00
286.00
283.00
291.00
287.00
293.00
291.00
288.00
287.00
291.00
290.00
293.00
293.00
299.00
294.00
290.00
288.00
288.00
290.00
290.00
291.00
289.00
294.00
295.00
294.00
292.00
290.00
294.00
290.00
287.00
288.00
294.00
292.00
295.00
292.00
290.00
287.00
292.00
295.00
294.00
296.00
297.00
294.00
296.00
296.00
301.00
301.00
306.00
303.00
302.00
303.00
301.00
298.00
298.00
293.00
289.00
289.00
286.00
284.00
273.00
272.00
272.00
271.00
267.00
270.00
267.00
269.00
271.00
269.00
270.00
273.00
276.00
272.00
274.00
271.00
266.00
264.00
267.00
265.00
265.00
264.00
265.00
264.00
264.00
268.00
273.00
271.00
270.00
271.00
269.00
270.00
271.00
266.00
267.00
265.00
269.00
269.00
269.00
270.00
270.00
270.00
268.00
265.00
257.00
258.00
252.00
251.00
254.00
259.00
255.00
256.00
259.00
259.00
254.00
