45.75
45.25
43.75
44.25
44.75
46.50
46.25
46.75
46.75
46.50
46.50
46.50
46.75
43.50
43.50
43.50
43.50
42.75
42.75
42.25
42.25
41.50
41.75
43.50
43.50
43.25
42.25
42.75
42.50
43.50
43.50
43.50
43.50
43.00
44.25
44.75
45.00
45.00
45.25
44.50
44.75
44.00
45.00
45.00
45.00
44.00
43.75
44.00
44.50
46.00
46.75
46.25
47.00
47.00
48.00
49.50
49.25
49.25
49.25
51.00
50.50
53.00
51.00
50.50
51.25
52.25
52.25
50.25
52.50
53.25
54.25
56.00
55.00
54.00
53.00
53.25
53.25
53.75
53.50
53.25
53.25
52.75
52.00
52.00
51.00
50.75
50.75
51.00
51.75
52.50
52.75
52.50
52.75
53.00
53.75
54.00
53.00
53.00
51.50
51.50
51.75
51.00
51.00
51.00
51.00
51.50
52.75
53.00
52.75
52.50
52.75
55.00
55.00
53.75
54.00
53.50
53.75
52.50
52.50
52.75
53.00
54.50
54.50
53.25
53.00
52.00
51.50
52.25
53.25
53.25
53.00
52.75
53.00
53.00
52.00
52.75
52.00
51.75
52.75
52.25
52.25
52.25
54.00
55.50
54.50
54.50
54.50
53.50
53.50
53.75
55.00
54.50
54.00
54.00
54.00
54.25
54.25
54.00
54.00
54.00
53.50
53.25
53.25
53.00
53.25
52.75
54.00
53.75
53.75
55.25
55.50
54.75
56.75
58.00
60.50
60.75
62.50
62.25
61.50
60.25
65.00
63.00
63.00
62.25
63.00
62.75
62.75
63.75
63.00
61.50
62.00
60.50
62.25
63.00
62.00
62.00
61.25
61.50
61.50
61.00
61.75
65.00
63.50
62.75
62.50
64.00
67.50
67.00
67.75
67.00
66.50
65.75
67.25
66.50
67.00
67.50
67.00
69.00
68.50
68.25
67.75
67.00
66.00
65.50
65.50
65.75
65.50
66.50
66.00
65.75
66.75
69.50
68.00
68.25
69.25
68.50
69.00
69.00
69.50
69.50
72.50
71.75
73.25
72.25
71.25
71.50
71.50
71.00
71.25
71.50
73.50
73.50
73.75
76.75
76.00
76.25
72.50
73.75
76.25
74.00
73.50
74.75
75.00
73.75
72.00
75.50
75.00
74.25
76.00
80.00
79.50
78.25
78.50
78.25
77.00
76.25
76.25
76.50
76.25
76.25
76.00
76.25
76.00
78.00
77.25
77.25
75.25
74.25
75.25
77.00
76.75
77.00
77.25
77.25
77.25
77.50
77.00
77.50
77.25
77.50
77.50
76.00
76.00
75.00
72.00
71.50
72.75
73.00
74.75
76.75
78.00
74.75
74.75
74.25
73.50
74.00
73.75
72.50
72.50
73.00
73.75
72.75
73.25
72.75
72.75
72.75
73.25
72.75
72.75
72.75
72.50
72.50
71.50
70.25
72.00
72.50
72.75
74.00
73.25
74.25
75.50
74.75
74.75
75.00
74.25
73.75
75.50
74.75
74.50
73.50
73.25
73.25
73.25
73.25
73.00
74.50
74.50
75.25
74.50
76.00
77.50
77.25
76.75
77.00
78.25
79.25
80.25
80.00
81.50
80.50
80.00
81.50
86.50
86.50
84.25
84.50
83.25
84.25
85.25
89.25
88.25
87.00
87.75
88.00
88.25
86.00
87.75
87.00
87.00
86.25
86.50
89.00
87.75
87.75
87.00
90.00
90.50
89.25
87.75
87.50
87.00
83.25
85.50
87.50
88.25
85.75
85.50
85.00
85.00
85.00
85.00
85.00
85.75
87.00
87.25
88.00
88.25
87.75
88.00
90.50
90.75
89.00
88.25
88.50
89.50
90.25
91.25
93.25
93.75
93.50
91.50
94.25
91.75
91.00
89.00
89.00
89.50
90.25
90.50
90.50
90.75
90.50
90.50
89.75
88.50
87.75
87.50
86.50
87.00
86.75
87.50
87.75
88.75
87.50
87.00
88.50
89.50
89.25
88.50
86.25
86.00
86.75
86.75
89.00
88.50
88.50
87.75
88.00
87.00
87.00
87.00
87.50
87.25
88.50
89.50
91.00
90.50
90.00
90.50
90.75
90.00
90.25
90.25
89.25
88.00
89.75
91.25
90.75
87.75
88.75
91.25
91.25
91.00
91.25
91.75
93.25
94.50
93.00
93.50
92.75
92.75
93.00
88.50
88.75
88.50
87.25
86.75
84.75
84.50
85.00
87.75
88.50
88.00
88.25
87.00
86.00
85.25
86.50
85.75
86.50
86.00
85.25
87.25
85.50
83.00
83.50
83.25
86.25
87.00
86.25
86.50
87.50
87.00
87.25
87.50
88.25
87.25
86.00
88.00
86.50
88.50
87.00
85.75
85.50
84.25
84.00
87.25
87.00
85.75
83.75
83.75
85.75
86.25
86.75
84.00
80.50
74.25
73.75
76.00
76.00
77.00
77.75
77.00
77.25
78.00
78.00
78.50
79.00
79.00
78.75
79.25
79.00
79.50
78.50
78.75
78.25
78.00
78.50
78.75
78.75
78.50
78.75
78.75
81.75
81.25
81.00
81.00
82.00
83.50
82.00
81.00
81.75
81.75
81.50
81.25
81.00
82.50
81.75
82.25
82.75
82.75
83.25
84.00
83.50
83.50
83.75
83.75
83.75
84.00
83.50
83.75
83.50
82.50
81.00
80.75
80.50
79.00
78.50
79.25
79.25
78.00
76.75
77.25
77.00
78.50
78.50
78.00
78.00
78.75
78.25
80.00
80.00
79.50
80.25
80.00
79.25
78.75
78.75
80.00
80.00
79.25
79.75
79.00
79.25
78.75
79.00
80.50
80.25
81.00
80.50
80.00
80.00
80.00
79.75
80.25
80.00
81.00
81.25
81.25
80.50
79.00
80.50
80.50
79.50
77.75
77.25
77.25
77.75
78.25
79.75
80.00
80.50
81.00
81.00
81.00
81.50
81.25
81.00
78.75
79.50
79.75
79.75
80.75
81.50
82.75
82.00
80.75
81.50
81.50
81.75
82.75
84.25
84.25
84.25
84.75
84.00
84.25
83.75
84.00
84.50
85.00
84.25
84.75
85.00
84.75
86.25
86.50
86.25
88.00
87.50
86.75
86.50
87.00
87.00
88.50
88.25
88.50
89.25
89.50
90.25
90.00
89.25
88.50
89.25
90.00
89.75
89.00
88.75
88.00
88.00
88.25
88.50
88.25
89.00
89.00
88.75
89.25
90.00
89.75
90.25
91.75
92.50
91.50
91.75
91.75
91.75
91.75
92.00
83.25
83.75
84.75
85.50
86.00
85.00
86.25
86.25
85.00
85.00
85.50
85.25
85.75
85.75
87.75
87.25
87.50
88.50
88.75
88.00
86.25
88.25
88.50
89.00
89.25
89.75
90.00
89.75
89.25
89.75
89.75
90.00
90.00
91.00
91.75
91.00
92.50
92.50
93.00
93.00
93.50
95.75
95.25
94.75
94.50
95.00
95.00
95.50
95.00
95.00
94.50
95.25
97.00
97.75
98.50
98.75
98.50
99.50
102.50
100.50
100.50
101.00
99.50
99.75
99.00
99.50
103.00
102.50
100.00
99.50
99.00
98.00
101.50
100.50
100.00
99.00
100.50
100.00
99.50
99.25
98.50
100.00
102.00
102.00
101.50
101.50
102.00
103.00
103.50
102.50
103.00
103.50
104.00
102.50
102.00
102.00
101.00
100.00
97.25
99.00
102.00
101.50
102.50
102.50
100.50
100.00
99.75
101.00
100.00
100.50
99.25
98.75
100.00
99.50
98.75
98.25
99.25
99.00
98.25
95.25
95.75
95.75
95.75
98.25
97.50
96.75
99.50
97.75
98.25
98.75
97.75
96.00
95.75
95.75
96.25
96.50
95.50
95.25
96.75
97.50
98.50
98.75
98.75
98.75
97.50
97.50
97.50
95.75
95.75
95.50
95.50
96.50
98.00
98.50
97.00
98.00
98.00
99.00
97.00
98.25
97.75
98.00
98.75
98.50
99.25
101.50
102.00
100.50
101.00
100.50
101.00
104.50
104.50
102.50
101.50
101.50
102.50
102.00
101.00
103.00
103.00
102.50
101.00
100.00
101.50
101.00
103.00
101.50
101.00
100.50
102.00
102.00
101.50
102.50
101.50
103.00
103.00
103.00
103.00
102.50
102.50
100.00
103.00
99.75
101.00
98.50
97.75
98.50
100.50
101.00
99.25
92.75
93.00
88.25
78.00
80.25
75.75
70.00
68.00
63.25
68.00
62.00
62.50
64.00
64.75
68.75
68.25
69.75
69.25
69.00
69.75
75.50
75.75
77.25
76.75
79.00
80.50
81.50
79.50
80.25
81.00
81.50
81.25
81.25
80.75
72.25
71.25
73.25
73.50
71.75
69.75
69.25
69.00
68.75
69.75
68.00
67.00
67.00
67.75
69.25
71.00
70.00
69.25
70.50
71.75
75.25
75.00
76.25
78.00
83.00
82.50
80.75
79.75
81.50
79.00
78.00
76.00
76.75
78.25
74.75
73.50
69.25
71.75
70.50
70.25
71.00
70.50
69.50
70.50
72.00
70.75
70.25
69.50
69.75
68.75
66.00
68.00
70.50
70.25
70.50
68.50
69.00
68.00
68.50
67.00
65.00
64.75
65.00
64.75
67.00
67.00
66.75
66.25
65.25
67.25
70.25
67.75
66.75
68.50
66.75
66.25
65.75
66.00
68.00
67.25
67.25
68.00
67.25
66.00
67.00
66.50
65.75
65.25
65.25
65.00
64.25
63.50
63.75
63.25
64.75
64.25
63.00
63.00
63.25
63.00
65.00
64.50
63.75
63.75
62.75
63.00
64.50
64.50
65.25
66.00
68.50
67.50
65.75
68.25
68.00
68.50
69.50
70.50
70.25
71.00
70.75
71.50
70.75
73.00
72.25
72.75
73.75
73.25
74.75
75.25
74.25
73.00
75.00
77.00
77.50
78.50
78.25
79.75
80.25
79.25
79.50
80.50
80.25
78.50
80.50
81.75
83.50
86.50
90.75
92.25
90.75
90.50
91.25
90.25
89.25
85.75
86.75
86.25
88.50
89.75
87.50
89.75
88.50
88.50
87.75
89.50
91.50
90.75
90.50
90.25
90.75
95.00
93.50
91.75
94.00
94.00
95.00
96.25
95.25
95.50
94.00
92.50
92.25
93.75
92.75
93.75
93.50
94.25
95.50
95.00
94.00
93.00
91.75
92.25
92.25
91.25
90.75
89.75
90.75
90.25
95.00
95.25
95.25
96.25
95.50
97.25
97.25
96.75
97.25
97.25
97.50
97.25
97.50
97.25
96.75
96.50
96.00
96.75
96.50
97.00
97.00
96.75
96.75
97.25
98.00
98.25
97.75
98.50
97.75
98.25
98.50
97.50
98.50
101.00
102.00
101.00
101.00
101.00
100.50
92.00
91.50
92.50
89.50
89.25
89.25
88.75
87.75
86.50
86.50
86.50
87.25
87.50
87.00
87.25
87.00
87.75
89.00
90.25
89.50
89.00
89.75
89.75
89.75
89.50
89.25
89.25
89.25
91.00
90.75
89.25
89.25
89.25
91.00
89.50
89.25
88.75
89.00
89.00
88.50
88.50
88.50
92.50
90.75
89.50
91.75
91.50
89.50
89.50
91.50
92.50
92.50
91.50
91.00
89.50
88.75
87.50
88.25
88.00
88.50
88.00
88.00
88.00
89.00
88.75
88.25
88.00
89.00
88.00
88.75
88.25
89.00
89.00
89.25
89.25
90.75
92.50
92.75
94.25
93.75
94.00
93.75
94.00
93.00
93.75
92.75
91.75
91.25
92.00
91.50
91.75
92.25
92.75
92.00
92.50
92.25
91.75
93.50
92.25
92.75
93.00
92.25
92.50
91.75
91.75
92.25
92.50
92.00
92.75
93.25
92.25
93.00
92.50
93.25
93.00
93.00
92.25
93.00
92.75
92.00
91.75
91.50
92.25
92.00
91.25
91.00
92.00
91.50
91.75
92.25
92.50
92.00
92.00
93.00
92.25
92.50
93.00
92.50
93.00
92.75
93.25
91.75
90.25
89.50
89.75
89.75
89.75
90.75
91.75
91.50
92.00
91.50
92.00
91.75
92.75
93.00
92.00
93.00
93.50
94.50
94.25
94.25
95.25
95.75
96.00
98.50
98.75
97.75
97.50
98.00
98.25
98.25
98.25
99.00
98.75
98.25
97.25
97.50
97.00
97.25
98.25
98.25
98.75
98.00
98.75
98.50
98.25
98.00
98.25
98.25
98.25
99.00
98.25
99.00
98.75
99.25
98.75
98.00
98.25
97.25
98.00
97.00
97.50
97.75
98.25
98.00
98.50
98.50
98.00
97.50
98.00
97.75
97.75
97.75
98.50
99.50
100.00
99.50
99.25
99.00
99.00
99.50
99.75
99.75
100.00
100.50
100.50
100.50
100.50
100.50
101.00
100.00
100.00
99.75
100.00
100.00
100.50
101.50
101.50
101.00
100.00
99.00
99.50
90.75
91.50
91.00
90.25
89.25
90.50
89.50
89.75
89.25
89.25
90.25
89.50
89.50
90.00
89.50
89.50
89.75
89.75
91.25
91.75
91.25
90.75
90.25
90.00
89.75
90.00
89.50
89.75
89.50
89.50
89.25
89.75
89.00
89.00
88.75
89.00
89.50
89.50
89.50
88.75
88.50
88.50
88.00
87.00
86.75
86.75
86.50
86.50
86.75
86.25
86.75
87.25
86.50
86.50
88.25
87.75
88.75
88.50
88.50
89.25
89.50
89.00
89.00
89.50
89.25
89.25
90.00
90.00
91.00
91.00
91.75
92.00
92.50
91.75
92.50
93.25
93.25
93.00
92.50
92.75
93.75
93.00
92.50
93.25
92.50
92.50
92.25
92.50
94.00
93.75
93.50
93.50
93.75
95.25
95.00
94.75
95.50
94.50
94.00
93.50
93.75
93.75
92.75
91.50
91.75
92.25
94.50
94.00
93.00
92.75
93.75
93.75
94.00
94.25
95.25
95.50
95.50
95.75
96.00
95.25
96.00
96.00
96.75
97.50
97.00
97.25
97.00
96.50
97.25
97.50
96.25
97.00
97.50
96.50
96.50
96.25
96.50
97.00
97.00
97.00
96.50
96.75
97.50
97.75
97.25
97.00
97.75
98.00
98.25
98.75
99.00
98.75
98.75
98.75
99.00
99.75
99.25
99.00
99.25
99.50
99.75
99.75
99.25
99.50
99.50
99.75
100.00
101.50
101.50
102.00
103.00
103.50
102.00
103.00
102.00
103.00
102.50
102.00
102.00
102.50
103.00
103.00
103.00
102.50
102.50
102.00
101.50
103.00
102.50
102.50
102.00
102.50
102.00
102.00
101.50
101.50
101.00
101.00
101.50
102.50
102.50
102.00
102.50
103.00
102.50
102.50
102.00
102.50
101.50
101.50
101.00
100.00
99.00
101.00
100.50
100.50
100.00
100.50
100.00
100.50
100.50
101.00
101.00
101.50
101.00
100.50
101.00
101.50
100.50
101.00
101.00
101.00
101.50
102.00
101.50
99.75
99.75
91.75
90.25
89.50
90.50
90.75
90.25
90.75
91.25
91.75
92.00
93.00
92.75
92.25
93.75
94.00
94.00
95.00
95.50
95.25
95.50
96.25
96.25
96.25
96.50
96.75
96.50
97.00
96.50
96.00
96.50
96.75
96.75
96.75
97.25
97.00
96.50
96.50
96.75
96.50
97.00
96.50
96.00
96.25
96.25
95.75
96.25
97.00
96.75
97.00
97.25
96.25
96.50
96.00
96.25
96.00
96.25
97.25
97.00
97.75
97.25
97.25
97.75
98.00
98.00
99.25
99.50
100.50
99.50
98.75
99.00
99.75
99.00
99.50
99.00
99.25
99.00
99.50
99.00
99.50
100.00
100.00
100.00
99.75
102.00
102.50
102.50
103.50
103.00
102.00
102.00
101.50
100.50
99.50
99.75
100.00
100.00
100.00
100.50
100.50
99.75
99.75
99.75
100.00
99.75
99.25
99.00
98.25
99.00
98.75
98.25
98.25
97.75
100.00
99.25
100.00
100.50
99.75
100.00
99.00
98.75
98.75
98.00
96.50
95.25
96.75
95.50
96.25
96.50
96.25
97.00
97.25
97.00
97.00
97.00
97.00
97.25
96.25
96.75
97.00
97.75
97.25
97.25
97.75
98.50
98.25
98.25
98.75
98.75
98.25
97.50
97.25
97.25
97.25
97.75
97.75
97.75
98.25
97.75
97.50
98.00
98.50
98.25
97.75
98.25
97.75
98.00
98.50
99.00
99.75
99.50
100.00
99.75
100.00
101.00
100.50
100.50
100.50
101.00
100.50
98.75
98.00
97.75
97.75
97.25
97.00
97.00
97.50
98.50
98.50
98.50
99.00
99.25
99.75
99.00
99.25
99.00
99.00
98.75
99.25
99.50
99.25
99.50
99.00
99.25
99.00
100.00
100.00
100.00
100.00
100.00
100.50
100.00
100.00
100.50
100.00
100.50
101.50
101.00
100.00
100.00
100.50
100.00
100.00
100.00
99.50
100.00
100.00
99.25
99.50
99.75
99.25
99.50
99.50
99.25
99.25
