68.92
67.18
68.42
68.92
68.92
69.66
71.65
68.17
66.93
66.93
66.18
65.68
66.68
65.68
64.69
65.68
65.93
63.44
61.70
63.19
63.94
64.19
66.68
67.42
66.43
65.93
62.45
62.45
63.69
63.19
62.95
63.44
62.95
63.19
62.45
63.94
65.93
64.69
63.69
63.69
64.19
63.69
62.95
62.70
63.44
61.70
61.20
61.45
59.46
58.22
58.47
57.22
58.22
59.46
59.46
59.71
60.96
58.97
59.46
59.21
59.21
59.96
59.96
60.46
61.45
62.70
61.70
60.71
61.20
60.96
61.45
61.20
60.46
60.46
59.71
59.71
59.71
60.96
60.96
61.95
64.44
65.19
65.43
66.68
67.18
66.68
67.92
65.93
67.92
67.18
67.67
69.17
68.92
69.41
71.16
70.41
71.16
70.41
69.17
68.92
68.67
64.94
65.43
64.44
66.93
65.43
65.93
66.43
69.41
68.17
68.42
69.41
67.92
67.92
67.67
68.42
70.16
68.17
69.41
70.16
71.16
71.65
70.66
67.67
69.17
68.17
67.42
68.42
69.91
69.17
68.92
68.92
69.41
71.40
69.66
69.91
69.41
69.66
71.90
72.65
73.15
72.65
73.40
73.40
71.40
74.64
73.40
71.16
71.65
70.41
71.16
70.91
70.66
71.40
72.65
72.40
72.65
71.65
71.65
73.64
72.65
70.91
72.40
72.65
72.15
72.15
71.90
71.16
71.40
72.65
71.90
71.90
71.40
70.66
71.40
70.91
70.16
70.66
71.90
71.90
72.65
71.40
69.91
68.92
68.67
68.42
69.17
69.91
69.91
69.66
69.66
69.66
70.91
71.65
71.16
71.90
71.90
72.15
72.15
71.40
71.40
70.66
71.65
71.90
71.40
72.40
72.90
72.90
71.90
74.39
76.13
76.88
77.87
76.88
77.38
77.13
77.38
74.14
74.89
76.13
75.88
75.88
74.39
73.40
75.14
73.64
75.39
75.14
76.38
75.39
76.13
75.88
75.39
76.38
76.13
75.14
75.14
74.89
75.14
75.63
75.88
75.14
75.88
75.39
74.64
74.14
74.89
77.38
77.62
76.38
75.88
75.88
75.14
75.63
76.13
76.38
77.13
76.63
77.62
76.63
76.88
77.87
77.62
77.13
76.13
76.13
74.64
75.14
73.89
74.14
74.89
74.89
74.89
75.88
75.39
74.64
75.88
75.14
76.38
76.63
75.39
77.38
77.13
77.38
77.38
77.38
77.13
77.62
79.37
79.12
78.87
78.62
78.12
78.12
77.87
78.12
77.87
77.38
77.62
78.12
77.87
78.62
76.38
74.89
77.87
77.87
78.12
78.62
78.87
79.37
78.12
78.87
79.62
83.10
81.85
83.60
82.85
83.35
84.59
85.09
85.34
85.84
85.59
84.84
86.83
85.84
86.58
86.58
88.57
86.83
88.32
88.07
86.83
87.83
88.82
90.06
90.31
90.06
92.80
91.31
94.05
92.30
93.80
92.80
92.06
90.56
90.56
88.57
90.06
91.06
90.81
91.56
93.05
92.06
92.55
91.56
90.31
90.81
91.56
92.06
92.80
93.05
93.05
92.06
93.55
93.55
93.80
94.29
99.02
99.02
99.02
98.28
100.02
103.00
103.00
101.51
102.50
104.00
108.48
104.99
102.01
103.00
101.51
98.28
97.28
97.53
98.03
98.52
98.28
97.28
93.55
91.81
95.04
92.80
93.05
93.30
93.80
93.30
93.80
95.79
92.06
91.81
92.55
94.79
92.55
93.05
93.30
95.54
97.28
98.77
97.28
98.52
101.51
102.01
104.00
104.99
104.99
103.50
100.51
103.00
103.00
103.00
102.01
103.00
106.49
105.99
106.49
104.00
103.50
99.02
100.51
101.51
101.01
101.01
99.02
98.52
100.02
100.02
101.51
100.51
101.01
104.50
104.50
103.00
102.01
103.50
101.51
100.02
100.02
100.51
98.77
98.52
98.52
98.52
100.51
99.52
100.51
101.51
101.51
100.51
99.02
100.02
104.00
101.01
102.50
99.27
97.53
97.53
96.04
96.53
96.04
98.03
98.52
100.02
99.02
98.77
98.03
96.04
95.79
95.79
94.79
95.29
94.79
93.80
90.31
91.31
91.56
89.57
88.57
91.06
91.56
90.31
91.56
93.30
92.06
93.55
95.29
92.55
92.55
92.06
90.06
92.06
92.55
93.80
93.05
93.55
93.80
95.79
95.54
93.55
90.81
89.57
89.57
88.07
85.09
87.58
87.58
88.07
88.07
87.08
85.59
88.07
89.57
90.56
91.56
86.58
88.32
86.08
87.83
87.58
87.08
87.58
86.58
85.09
81.11
81.61
79.37
76.63
81.36
77.87
79.62
76.63
78.12
76.88
77.13
77.38
73.40
74.89
71.90
69.91
68.67
70.16
76.13
76.63
77.13
76.38
77.87
77.62
76.63
77.87
79.12
82.60
81.61
80.86
81.11
79.86
82.60
81.85
82.35
80.36
79.86
78.37
78.37
79.62
80.11
80.61
82.60
83.10
83.60
82.85
85.09
84.59
84.59
85.09
83.84
84.34
83.10
83.84
85.59
85.34
84.34
85.84
84.84
84.59
83.35
83.35
84.09
85.59
84.34
84.09
86.33
88.57
87.08
86.58
85.84
86.08
87.58
88.07
87.08
86.08
85.84
83.60
83.60
82.35
82.35
83.84
82.10
82.60
82.10
85.34
83.60
80.61
80.36
77.13
80.86
79.37
79.86
79.86
84.34
83.84
84.34
82.60
81.36
83.84
84.59
80.61
79.37
78.12
75.14
75.39
76.88
75.88
74.89
73.89
73.40
74.14
73.64
73.40
74.64
74.64
75.63
77.38
76.63
74.64
73.15
72.15
71.90
68.17
67.92
67.92
65.93
65.68
65.68
66.68
66.43
64.94
65.43
64.69
65.93
63.44
63.44
66.93
69.41
69.41
69.41
69.41
70.16
67.18
66.93
68.17
68.17
69.17
71.40
72.65
72.15
71.16
70.66
70.91
68.67
71.65
71.65
73.40
74.39
74.14
74.14
74.14
73.64
73.15
72.90
75.63
74.89
73.89
73.40
73.89
71.65
73.40
73.64
73.15
73.15
71.90
68.92
69.41
72.15
71.90
71.40
70.66
69.17
69.91
70.16
69.17
68.67
68.17
69.66
69.41
71.40
71.65
70.16
70.16
69.66
69.66
69.17
69.91
70.66
71.40
70.91
70.41
71.16
71.16
71.65
71.65
71.65
71.65
72.65
72.65
72.15
72.15
71.40
69.66
68.67
68.92
68.92
68.67
67.42
66.18
66.18
66.43
64.69
64.44
63.94
63.94
62.70
62.20
60.21
58.72
59.71
58.97
59.71
58.97
59.21
58.97
59.21
59.71
59.21
59.71
60.71
60.21
59.96
59.96
59.96
59.71
60.21
61.70
63.94
63.94
66.18
66.18
66.18
65.93
66.18
68.17
67.67
65.93
64.94
66.18
65.93
66.18
67.67
70.66
72.15
70.41
68.67
68.67
70.16
70.91
70.66
70.66
69.41
69.17
68.42
68.67
68.42
66.68
65.68
65.43
63.44
61.70
63.44
63.94
65.19
63.69
64.19
64.94
63.94
64.69
64.44
65.19
62.20
60.71
61.95
67.67
67.42
66.43
66.18
67.92
69.41
68.67
68.42
69.41
70.66
69.66
70.41
70.66
71.65
69.91
67.92
68.17
69.17
69.91
69.41
68.92
69.66
69.41
67.92
67.67
67.18
67.18
68.42
68.42
69.17
68.92
69.66
69.66
68.42
67.18
67.18
66.43
67.18
66.43
63.44
63.44
64.69
67.18
68.17
67.67
69.17
68.17
68.17
71.65
72.40
69.91
69.66
69.17
68.17
66.18
68.17
67.67
66.93
66.68
67.42
69.17
70.16
69.17
68.67
68.67
67.92
68.17
67.67
66.43
66.43
64.19
64.69
67.18
67.67
67.18
68.67
67.92
67.67
69.66
69.17
69.17
69.66
69.41
69.41
70.66
71.65
69.66
69.66
66.93
67.18
66.18
63.94
60.96
61.45
61.45
62.20
61.20
60.46
57.72
54.24
52.75
48.27
51.00
52.99
52.00
51.75
51.00
53.74
54.98
55.48
54.98
52.50
53.99
53.99
52.99
53.24
51.75
52.00
51.50
51.25
46.77
47.27
44.78
44.53
43.04
41.05
45.03
45.03
44.53
41.55
32.59
34.83
36.57
32.59
35.08
30.35
28.61
28.11
27.37
30.10
26.87
28.11
30.35
30.10
29.61
28.86
30.60
30.85
35.33
36.57
38.81
36.32
35.33
34.58
34.83
38.07
38.81
36.57
37.82
38.56
39.06
40.06
40.80
39.31
38.56
38.31
39.06
40.80
40.31
40.55
43.04
43.04
43.54
42.05
41.05
42.79
43.79
46.03
46.28
47.02
44.78
45.03
45.03
45.03
43.54
42.79
44.29
46.53
47.02
50.26
48.76
46.28
47.02
45.78
44.29
41.55
43.54
44.78
45.53
46.03
45.53
45.53
43.54
43.04
42.54
42.54
44.04
45.53
46.53
46.28
46.77
44.29
43.04
42.54
41.80
42.05
43.04
42.30
42.79
43.29
44.78
43.04
44.04
43.04
42.79
40.80
41.80
41.30
41.30
44.29
44.04
43.54
42.54
41.55
42.79
42.05
42.05
42.54
41.80
42.05
41.05
41.80
42.54
42.79
42.79
42.30
41.30
39.81
39.81
39.06
37.57
38.56
38.07
37.82
37.32
38.07
38.81
38.07
38.56
37.32
35.58
34.58
32.84
32.09
32.84
32.09
31.85
33.34
32.09
32.84
35.58
35.33
36.32
35.33
36.32
35.83
35.83
35.33
34.33
34.58
35.08
36.08
35.33
34.09
33.59
34.33
34.09
34.09
35.58
35.33
36.57
36.82
38.31
44.78
45.03
44.04
44.53
46.28
46.53
47.27
48.27
48.52
49.26
48.52
50.51
51.00
49.51
47.27
49.26
49.51
51.50
51.75
52.99
55.23
53.99
53.99
53.74
53.99
54.49
52.25
52.75
51.25
52.00
53.74
51.00
52.99
51.75
54.49
55.98
56.73
56.73
57.22
56.23
58.72
59.71
58.47
58.72
57.22
58.72
57.47
57.72
55.23
56.48
56.48
55.98
54.74
54.24
55.98
56.23
56.48
57.97
58.47
58.72
58.72
58.47
57.72
58.72
58.72
58.97
59.71
57.97
56.97
59.46
58.47
58.97
58.97
58.97
60.21
60.71
62.45
63.94
63.19
62.95
64.19
63.94
63.44
62.20
62.20
61.45
60.46
61.70
60.96
60.96
60.46
60.71
60.96
60.21
60.46
59.96
57.47
55.98
55.48
55.73
55.23
53.74
55.48
54.98
54.98
53.99
53.74
53.24
53.49
54.74
56.48
57.47
58.97
57.97
58.97
59.21
59.96
59.21
58.47
58.72
58.22
58.22
59.71
59.21
57.22
56.48
55.73
56.48
56.23
58.97
58.72
59.46
59.71
59.96
58.97
57.72
58.22
57.47
57.22
56.97
56.97
57.72
56.97
55.23
54.74
55.48
54.74
54.74
54.74
53.99
54.98
54.24
54.24
53.74
54.24
54.24
52.75
51.25
51.25
51.00
51.50
50.51
49.51
49.51
48.27
46.53
47.02
46.77
46.77
46.03
46.77
43.79
44.53
46.28
46.03
44.53
44.78
44.78
45.03
44.78
45.28
45.53
46.28
46.53
45.28
44.29
45.53
46.77
47.02
46.77
47.77
49.76
49.51
48.76
49.01
49.26
49.26
49.26
48.52
49.26
49.01
49.01
50.26
50.51
50.75
50.26
48.52
49.01
49.26
49.76
52.25
52.75
52.50
52.00
53.24
53.99
54.49
56.23
55.73
55.98
56.23
56.23
57.47
57.22
57.47
56.73
56.97
57.97
56.97
56.48
55.98
55.48
55.48
54.74
54.98
54.49
54.24
52.99
54.24
54.74
54.98
54.24
53.74
53.74
53.99
51.75
52.00
51.75
51.00
50.75
51.50
51.50
49.51
48.27
46.28
47.27
47.77
48.02
48.76
49.01
48.02
49.01
49.51
48.76
49.76
49.26
47.77
47.52
47.27
48.52
48.76
48.02
49.01
49.51
49.26
49.76
51.75
51.25
52.00
51.75
51.75
52.50
52.00
52.00
52.00
51.50
52.25
53.24
52.25
51.50
50.51
52.25
52.25
52.25
52.25
52.50
51.75
51.50
53.49
53.74
53.49
53.49
53.24
52.75
53.24
52.50
52.99
52.99
52.50
52.75
52.50
52.75
53.24
53.49
53.24
53.99
52.25
49.76
48.76
48.52
50.01
52.50
53.49
52.99
51.00
51.00
51.00
50.75
51.00
52.50
53.49
52.99
52.99
54.24
53.99
52.50
51.50
51.75
52.00
51.75
51.75
51.25
51.50
51.50
51.75
53.49
54.24
53.74
53.99
53.49
53.24
53.24
55.48
56.23
56.48
57.47
57.97
58.47
57.72
56.73
54.74
55.73
58.47
58.47
56.97
57.47
57.47
56.73
56.48
55.73
56.73
56.23
57.72
57.22
57.97
57.97
59.21
60.46
60.46
56.48
53.24
54.24
54.49
52.99
49.26
49.26
50.75
50.75
50.01
49.51
50.75
52.00
52.00
51.25
52.00
51.25
51.50
51.00
50.75
51.00
50.75
50.51
49.76
49.01
49.76
50.51
50.01
50.01
49.76
50.01
49.76
51.00
51.25
51.00
51.75
51.25
50.75
49.76
50.75
52.00
52.99
54.24
55.73
56.73
57.00
57.50
57.50
59.50
60.25
60.75
61.00
61.50
63.00
60.75
59.00
58.75
59.00
59.00
57.25
55.25
56.25
56.25
55.75
56.00
56.00
54.50
54.50
55.00
56.25
55.75
54.75
53.75
52.25
51.00
51.75
51.25
50.25
51.50
52.25
52.25
52.50
52.75
52.00
51.00
51.25
51.75
52.50
52.75
52.75
51.75
51.75
53.00
53.00
54.50
55.00
55.25
55.50
57.25
58.25
57.25
56.50
54.50
55.25
55.50
54.25
54.25
53.50
54.50
53.75
53.25
54.75
55.25
55.00
54.75
55.50
55.50
56.50
55.75
55.75
54.25
54.00
54.25
54.25
54.75
54.75
54.00
53.75
53.50
53.50
54.50
55.25
55.75
56.25
56.00
56.50
56.25
55.75
54.00
54.00
54.00
54.50
55.50
55.50
55.00
55.00
56.25
56.75
57.50
58.00
58.25
58.50
58.75
58.75
58.00
60.25
59.75
57.75
58.50
57.75
57.25
57.25
57.00
57.25
56.50
56.25
57.50
57.25
56.50
56.50
56.75
56.75
57.00
56.25
53.25
52.00
51.75
50.50
51.25
52.75
53.25
52.50
52.25
52.50
52.25
52.25
50.75
51.50
48.75
50.00
49.25
49.75
51.50
51.75
51.50
52.00
53.75
53.25
53.00
52.50
54.00
53.25
52.50
52.50
52.75
53.00
52.50
52.00
50.50
49.50
48.75
49.25
49.25
49.00
47.00
46.75
46.50
47.00
46.25
47.50
47.50
47.50
47.50
47.25
46.75
46.75
45.00
45.50
44.75
45.50
46.00
46.75
46.00
45.25
45.25
44.50
43.25
43.75
44.50
44.00
44.50
46.00
46.00
45.50
46.00
46.25
45.50
45.75
45.50
45.00
45.00
44.50
44.50
43.75
43.25
42.75
44.00
44.25
44.75
45.00
45.75
44.75
44.25
45.25
45.25
45.25
46.25
46.75
46.50
46.75
47.25
46.50
47.75
48.50
49.50
49.25
49.50
51.25
51.75
51.25
51.75
52.00
51.00
52.50
54.50
54.00
53.25
52.25
51.50
51.75
52.50
52.25
51.50
51.75
52.25
52.75
52.75
53.00
51.50
51.50
48.75
48.75
49.25
48.50
48.75
47.75
48.00
47.75
49.25
49.50
48.50
49.25
48.25
48.00
49.50
49.75
49.00
49.50
50.50
50.50
49.75
48.00
47.75
46.75
46.75
47.75
49.50
50.00
49.75
49.50
50.00
51.75
50.50
49.25
49.25
49.00
47.50
48.00
48.25
47.00
46.50
47.50
48.75
48.75
47.75
47.25
47.25
47.25
47.50
48.75
49.75
50.50
50.00
51.25
51.50
52.00
51.75
51.25
51.50
51.75
51.25
51.50
51.25
51.50
51.50
50.50
51.00
51.75
51.00
52.00
53.00
53.00
53.25
54.50
53.75
53.75
53.75
53.25
53.50
53.75
53.25
53.00
53.25
53.75
52.50
52.50
53.25
53.00
51.75
51.50
52.00
52.00
53.00
53.00
52.50
52.50
53.25
53.25
53.25
54.50
55.00
54.75
54.25
54.50
54.75
55.25
55.50
55.75
56.50
55.50
55.75
56.50
57.50
58.50
58.75
58.75
58.50
58.00
58.00
55.00
57.00
56.00
55.75
57.25
57.25
59.00
56.75
57.50
56.50
56.00
57.75
59.00
59.00
59.00
59.50
59.50
59.50
59.25
58.75
59.00
58.75
58.75
59.50
58.00
59.00
59.25
