2.28
2.23
2.13
2.15
2.13
2.21
2.23
2.19
2.12
2.13
2.12
2.13
2.08
2.04
2.04
2.08
2.08
2.04
2.02
1.99
1.99
2.01
2.01
2.12
2.10
2.02
2.02
2.04
2.04
2.04
2.06
2.08
2.12
2.08
2.06
2.06
2.08
2.06
2.04
2.04
2.02
2.04
2.02
2.02
2.04
1.99
2.01
1.97
1.99
1.97
1.97
1.90
2.02
2.02
2.01
1.97
2.02
2.06
2.02
2.12
2.08
2.12
2.10
2.08
2.08
2.06
2.13
2.06
2.08
2.04
2.02
2.02
2.08
2.06
2.06
2.06
2.04
2.04
2.04
2.06
2.08
2.08
2.04
2.08
2.10
2.06
2.08
2.08
2.06
2.10
2.10
2.10
2.06
2.06
2.08
2.06
2.02
2.02
1.99
1.99
1.99
1.97
1.95
1.88
1.91
1.95
1.97
1.95
1.99
1.97
1.97
2.01
1.99
1.99
1.95
1.91
1.93
1.93
1.93
1.93
1.95
1.93
1.91
1.88
1.84
1.77
1.80
1.84
1.86
1.82
1.84
1.90
1.91
1.91
1.88
1.88
1.86
1.91
1.93
1.93
1.91
1.90
1.90
1.91
1.90
1.90
1.88
1.86
1.86
1.84
1.84
1.84
1.84
1.86
1.84
1.84
1.84
1.84
1.82
1.84
1.84
1.84
1.86
1.88
1.93
1.91
1.91
1.91
1.93
1.91
1.91
1.90
1.91
1.90
1.90
1.90
1.90
1.91
1.93
1.91
1.97
2.02
2.06
2.08
2.08
2.08
2.06
2.06
2.04
2.04
2.10
2.06
2.08
2.04
2.08
2.13
2.13
2.12
2.12
2.13
2.17
2.17
2.21
2.23
2.23
2.23
2.26
2.24
2.21
2.23
2.24
2.24
2.28
2.28
2.28
2.17
2.21
2.21
2.23
2.24
2.28
2.23
2.21
2.23
2.21
2.23
2.19
2.12
2.15
2.21
2.23
2.19
2.23
2.21
2.17
2.19
2.19
2.17
2.15
2.17
2.21
2.23
2.19
2.23
2.23
2.19
2.23
2.21
2.26
2.23
2.12
1.99
2.08
2.04
2.06
2.04
2.06
2.04
2.08
2.10
2.06
2.08
2.08
2.06
2.04
2.02
2.01
1.99
1.97
1.97
1.97
2.01
2.02
2.01
2.02
2.02
2.01
1.99
1.99
1.97
1.97
1.97
1.95
1.95
1.97
1.99
1.97
1.97
1.97
1.97
1.99
1.95
1.99
1.99
2.02
2.10
2.10
2.10
2.10
2.08
2.10
2.10
2.08
2.06
2.06
2.06
2.06
2.12
2.15
2.08
2.12
2.13
2.08
2.12
2.10
2.17
2.17
2.19
2.21
2.21
2.15
2.13
2.17
2.17
2.12
2.13
2.17
2.17
2.13
2.12
2.12
2.12
2.10
2.08
2.10
2.13
2.12
2.10
2.17
2.17
2.19
2.17
2.15
2.15
2.15
2.13
2.13
2.17
2.15
2.13
2.15
2.17
2.23
2.26
2.28
2.24
2.28
2.24
2.23
2.26
2.24
2.28
2.28
2.30
2.28
2.26
2.30
2.28
2.30
2.28
2.33
2.33
2.35
2.39
2.30
2.35
2.30
2.35
2.32
2.30
2.35
2.35
2.35
2.39
2.37
2.35
2.37
2.35
2.37
2.33
2.32
2.33
2.30
2.37
2.48
2.46
2.48
2.54
2.55
2.59
2.55
2.59
2.55
2.61
2.55
2.64
2.66
2.68
2.72
2.68
2.70
2.74
2.72
2.74
2.74
2.74
2.72
2.70
2.72
2.74
2.77
2.75
2.75
2.75
2.81
2.81
2.77
2.75
2.77
2.75
2.75
2.79
2.81
2.83
2.81
2.81
2.85
2.77
2.77
2.75
2.70
2.74
2.74
2.70
2.64
2.64
2.64
2.64
2.68
2.70
2.68
2.70
2.70
2.66
2.64
2.64
2.66
2.66
2.64
2.64
2.61
2.64
2.72
2.74
2.74
2.68
2.66
2.63
2.66
2.68
2.64
2.68
2.63
2.59
2.54
2.52
2.54
2.55
2.57
2.55
2.54
2.55
2.52
2.50
2.30
2.33
2.35
2.32
2.19
2.19
2.17
2.21
2.24
2.24
2.28
2.33
2.30
2.32
2.21
2.19
2.15
2.15
2.15
2.15
2.17
2.13
2.06
2.10
2.15
2.15
2.15
2.21
2.17
2.21
2.17
2.10
2.12
2.23
2.26
2.24
2.19
2.23
2.30
2.30
2.26
2.26
2.24
2.30
2.32
2.28
2.24
2.26
2.26
2.28
2.24
2.26
2.23
2.15
2.17
2.12
2.10
2.08
2.10
2.12
2.12
2.10
2.10
2.10
2.15
2.10
2.12
2.21
2.21
2.19
2.19
2.28
2.26
2.17
2.19
2.17
2.04
1.99
2.04
2.06
2.06
2.10
2.08
2.08
2.10
2.06
2.06
2.08
2.10
2.08
2.06
2.04
2.06
2.04
1.97
1.99
1.99
1.99
1.99
2.01
2.01
1.99
2.01
2.01
2.01
2.01
1.99
1.99
1.99
1.99
1.97
1.95
1.99
2.01
2.04
2.08
2.17
2.17
2.17
2.19
2.21
2.17
2.12
2.10
2.13
2.13
2.15
2.12
2.15
2.12
2.13
2.13
2.08
2.10
2.13
2.06
2.04
2.06
2.08
2.06
2.08
2.04
2.04
2.04
2.08
2.12
2.15
2.15
2.10
2.13
2.15
2.12
2.12
2.12
2.12
2.12
2.10
2.12
2.04
2.08
2.06
2.06
2.10
2.10
2.10
2.08
2.12
2.15
2.15
2.12
2.13
2.10
2.06
2.10
2.10
2.10
2.10
2.12
2.06
2.04
2.04
2.01
2.01
1.99
2.01
2.01
1.99
2.01
1.99
2.01
1.99
2.01
2.01
1.97
1.99
2.06
2.06
1.99
1.99
1.99
2.02
2.01
2.01
2.01
1.99
2.01
2.01
2.01
2.02
2.06
2.06
2.06
2.06
2.02
2.02
2.04
2.04
2.06
2.06
2.06
2.06
2.06
2.08
2.08
2.12
2.08
2.06
2.04
2.04
2.02
2.04
2.04
2.04
1.95
1.99
1.97
1.95
1.93
1.93
1.93
1.90
1.93
1.91
1.88
1.86
1.86
1.86
1.86
1.86
1.86
1.86
1.88
1.88
1.91
1.90
1.88
1.90
1.90
1.88
1.90
1.84
1.84
1.84
1.84
1.81
1.84
1.82
1.81
1.81
1.79
1.80
1.79
1.79
1.78
1.77
1.77
1.75
1.74
1.73
1.71
1.73
1.73
1.73
1.72
1.72
1.72
1.74
1.75
1.76
1.75
1.79
1.82
1.82
1.81
1.81
1.81
1.81
1.81
1.81
1.82
1.81
1.81
1.80
1.79
1.79
1.81
1.80
1.79
1.80
1.77
1.76
1.72
1.73
1.76
1.75
1.74
1.74
1.74
1.77
1.75
1.75
1.76
1.77
1.74
1.72
1.72
1.71
1.71
1.67
1.66
1.64
1.63
1.55
1.44
1.42
1.39
1.41
1.39
1.40
1.40
1.37
1.40
1.38
1.35
1.31
1.39
1.42
1.42
1.40
1.42
1.43
1.43
1.41
1.42
1.55
1.60
1.57
1.53
1.58
1.57
1.55
1.60
1.56
1.58
1.61
1.60
1.57
1.57
1.56
1.53
1.54
1.53
1.52
1.50
1.49
1.51
1.49
1.46
1.44
1.44
1.45
1.43
1.42
1.42
1.42
1.40
1.41
1.42
1.44
1.43
1.44
1.44
1.44
1.45
1.46
1.44
1.44
1.43
1.43
1.42
1.42
1.40
1.41
1.41
1.45
1.48
1.53
1.66
1.64
1.60
1.58
1.56
1.51
1.49
1.49
1.53
1.48
1.51
1.50
1.57
1.55
1.62
1.59
1.65
1.64
1.62
1.64
1.62
1.68
1.68
1.67
1.59
1.59
1.54
1.61
1.60
1.59
1.58
1.57
1.58
1.56
1.51
1.53
1.53
1.52
1.52
1.42
1.45
1.43
1.43
1.41
1.40
1.41
1.41
1.44
1.47
1.43
1.45
1.42
1.41
1.41
1.41
1.39
1.34
1.33
1.24
1.22
1.07
1.14
1.09
1.14
1.14
1.14
1.13
1.07
1.00
1.00
1.02
0.84
0.83
0.69
0.72
0.74
0.75
0.79
0.68
0.70
0.74
0.77
0.81
0.82
0.88
0.81
0.82
0.79
0.85
0.87
0.88
0.88
0.90
0.94
0.93
0.88
0.90
0.94
0.92
0.93
0.92
0.91
0.91
0.91
0.93
0.96
0.92
0.90
0.90
0.92
0.92
0.93
0.93
0.92
0.94
0.97
1.04
1.05
1.01
1.03
1.07
1.11
1.14
1.15
1.16
1.19
1.30
1.28
1.25
1.22
1.23
1.19
1.15
1.08
1.13
1.13
1.09
1.10
1.05
1.08
1.06
1.06
1.05
1.04
1.05
1.06
1.08
1.06
1.06
1.05
1.05
1.04
1.01
1.00
1.03
1.02
1.02
1.04
1.05
1.02
1.02
1.02
0.99
0.98
0.95
0.94
0.95
0.95
0.95
0.94
0.93
0.95
1.03
1.00
0.97
0.98
0.96
0.93
0.93
0.92
0.93
0.94
0.93
0.95
0.94
0.94
0.94
0.93
0.92
0.91
0.92
0.91
0.91
0.91
0.90
0.89
0.91
0.90
0.88
0.90
0.91
0.90
0.93
0.90
0.89
0.89
0.86
0.86
0.85
0.87
0.87
0.86
0.86
0.85
0.84
0.84
0.82
0.81
0.83
0.82
0.82
0.82
0.82
0.83
0.81
0.82
0.84
0.85
0.89
0.92
0.93
1.03
0.99
0.98
1.02
1.02
0.99
0.98
1.00
1.05
1.16
1.13
1.16
1.15
1.13
1.05
1.08
1.11
1.12
1.16
1.24
1.22
1.18
1.20
1.20
1.19
1.18
1.07
1.14
1.10
1.13
1.14
1.10
1.12
1.08
1.06
1.12
1.15
1.23
1.21
1.18
1.17
1.19
1.18
1.18
1.16
1.17
1.15
1.19
1.16
1.15
1.15
1.14
1.11
1.10
1.12
1.10
1.12
1.12
1.15
1.20
1.19
1.18
1.17
1.16
1.16
1.17
1.15
1.12
1.10
1.12
1.11
1.13
1.13
1.12
1.16
1.15
1.17
1.20
1.21
1.24
1.24
1.22
1.22
1.22
1.24
1.24
1.24
1.24
1.21
1.21
1.21
1.21
1.21
1.22
1.23
1.25
1.24
1.23
1.20
1.20
1.20
1.19
1.16
1.18
1.20
1.21
1.19
1.16
1.17
1.19
1.19
1.17
1.17
1.15
1.15
1.15
1.16
1.15
1.14
1.13
1.12
1.12
1.13
1.11
1.12
1.13
1.12
1.13
1.13
1.12
1.12
1.15
1.15
1.14
1.16
1.16
1.17
1.16
1.17
1.18
1.17
1.17
1.15
1.14
1.15
1.15
1.12
1.13
1.12
1.13
1.12
1.12
1.14
1.12
1.11
1.11
1.08
1.02
1.02
1.01
1.02
1.02
1.03
1.02
1.01
1.00
0.99
1.00
1.00
0.99
0.98
0.97
0.96
0.98
0.98
0.97
0.97
1.00
0.99
0.98
0.98
0.98
0.98
0.98
0.97
0.99
1.04
1.06
1.06
1.05
1.07
1.09
1.07
1.06
1.07
1.07
1.06
1.05
1.05
1.05
1.05
1.08
1.06
1.07
1.08
1.05
1.05
1.07
1.08
1.12
1.15
1.12
1.14
1.11
1.11
1.12
1.12
1.11
1.16
1.17
1.16
1.16
1.15
1.14
1.14
1.11
1.14
1.13
1.15
1.14
1.16
1.16
1.16
1.16
1.16
1.15
1.17
1.16
1.16
1.17
1.17
1.19
1.19
1.18
1.18
1.23
1.23
1.21
1.21
1.20
1.19
1.25
1.22
1.20
1.19
1.20
1.20
1.21
1.24
1.28
1.30
1.31
1.31
1.31
1.37
1.36
1.31
1.32
1.31
1.36
1.36
1.37
1.43
1.48
1.47
1.47
1.45
1.41
1.45
1.44
1.44
1.45
1.46
1.44
1.46
1.44
1.42
1.42
1.39
1.35
1.37
1.37
1.37
1.36
1.36
1.36
1.39
1.34
1.34
1.33
1.33
1.40
1.40
1.42
1.40
1.41
1.44
1.42
1.38
1.37
1.39
1.36
1.37
1.37
1.37
1.36
1.36
1.33
1.27
1.29
1.31
1.30
1.31
1.33
1.31
1.33
1.33
1.32
1.31
1.30
1.30
1.29
1.30
1.30
1.30
1.31
1.32
1.32
1.32
1.33
1.31
1.30
1.30
1.29
1.29
1.29
1.33
1.29
1.28
1.28
1.29
1.29
1.29
1.30
1.29
1.29
1.28
1.29
1.31
1.31
1.27
1.23
1.24
1.24
1.22
1.24
1.25
1.24
1.23
1.24
1.26
1.27
1.27
1.26
1.24
1.23
1.23
1.23
1.27
1.27
1.25
1.24
1.26
1.24
1.26
1.25
1.26
1.25
1.23
1.23
1.24
1.25
1.24
1.23
1.22
1.20
1.18
1.16
1.17
1.17
1.17
1.15
1.12
1.12
1.15
1.13
1.14
1.18
1.17
1.20
1.19
1.20
1.19
1.17
1.17
1.17
1.17
1.19
1.20
1.19
1.20
1.20
1.19
1.22
1.22
1.21
1.20
1.22
1.25
1.29
1.28
1.27
1.27
1.27
1.26
1.26
1.26
1.27
1.25
1.25
1.26
1.29
1.27
1.28
1.26
1.26
1.26
1.26
1.26
1.28
1.27
1.23
1.21
1.21
1.21
1.21
1.19
1.20
1.20
1.22
1.22
1.21
1.20
1.21
1.22
1.23
1.24
1.28
1.29
1.33
1.38
1.36
1.35
1.36
1.37
1.37
1.39
1.37
1.36
1.36
1.36
1.36
1.36
1.35
1.36
1.37
1.36
1.36
1.36
1.37
1.39
1.39
1.38
1.37
1.38
1.40
1.39
1.38
1.38
1.38
1.37
1.36
1.36
1.38
1.38
1.36
1.35
1.36
1.36
1.37
1.37
1.36
1.37
1.38
1.39
1.41
1.41
1.42
1.42
1.45
1.45
1.46
1.44
1.43
1.41
1.42
1.42
1.42
1.42
1.41
1.44
1.44
1.44
1.45
1.45
1.47
1.47
1.47
1.45
1.45
1.45
1.42
1.41
1.40
1.40
1.41
1.40
1.39
1.39
1.36
1.40
1.41
1.39
1.39
1.40
1.40
1.40
1.39
1.37
1.39
1.39
1.38
1.39
1.38
1.36
1.30
1.32
1.31
1.35
1.33
1.36
1.38
1.38
1.37
1.38
1.45
1.45
1.45
1.42
1.43
1.43
1.42
1.44
1.45
1.45
1.40
1.40
1.42
1.42
1.42
1.49
1.46
1.43
1.47
1.45
1.45
1.45
1.48
1.50
1.50
1.52
1.51
1.49
1.49
1.48
1.47
1.47
1.51
1.50
1.57
1.55
1.58
1.58
1.58
1.60
1.58
1.62
1.67
1.65
1.67
1.67
1.66
1.61
1.64
1.63
1.62
1.62
1.62
1.59
1.59
1.59
1.58
1.60
1.59
1.53
1.50
1.55
1.54
1.57
1.55
1.54
1.54
1.54
1.54
1.52
1.53
1.56
1.59
1.64
1.63
1.65
1.69
1.67
1.68
1.70
1.69
1.72
1.69
1.65
1.69
1.71
1.69
1.71
1.71
1.75
1.74
1.77
1.76
1.77
1.77
1.78
1.80
1.72
1.76
1.77
1.76
1.74
1.71
1.70
1.70
1.68
1.73
1.72
1.73
1.71
1.73
1.71
1.73
1.71
1.70
1.72
1.70
1.70
1.69
1.66
1.66
1.72
1.69
1.72
1.71
1.67
1.69
1.70
1.70
1.68
1.68
1.70
1.71
1.72
1.74
1.74
1.72
1.73
1.67
1.67
1.65
1.68
1.69
1.67
1.63
1.63
1.66
1.64
1.62
1.61
1.61
1.59
1.61
1.60
1.64
1.59
1.57
1.56
1.56
1.55
1.55
1.56
1.56
1.57
1.57
1.54
1.55
1.55
1.57
1.55
1.56
1.57
1.57
1.55
1.58
1.57
1.57
1.58
1.60
1.59
1.60
1.61
1.61
1.67
1.68
1.66
1.66
1.67
1.63
1.66
1.62
1.62
1.63
1.61
1.61
1.59
1.60
1.69
1.80
1.79
1.79
1.80
1.78
1.77
1.77
1.79
1.80
1.79
1.87
1.85
1.83
1.81
1.81
1.84
1.81
1.81
1.84
1.87
1.88
1.88
1.86
1.86
1.88
1.87
1.86
1.84
1.85
1.87
1.85
1.84
1.85
1.86
1.86
1.83
1.85
1.84
1.81
1.85
1.84
1.85
1.87
1.85
1.84
1.84
1.84
1.82
1.82
1.82
1.80
1.80
