21.40
20.80
21.40
21.60
21.40
21.70
22.40
22.70
22.80
22.50
21.50
21.20
21.70
21.40
20.80
20.70
20.80
21.40
21.50
21.40
21.60
22.20
22.40
22.10
22.20
22.00
22.20
21.90
21.50
21.90
21.50
22.00
22.00
22.10
21.60
21.40
21.80
22.00
21.90
21.90
22.30
22.10
22.10
22.30
22.30
21.70
21.80
21.80
22.30
22.10
22.40
22.00
21.60
21.80
21.80
22.00
21.90
21.60
21.70
21.60
21.80
22.10
22.00
22.30
22.30
22.40
22.30
22.50
22.30
22.10
21.80
21.90
21.80
21.80
21.90
22.00
21.90
22.00
21.70
21.90
21.80
21.60
21.80
21.50
21.80
21.00
20.70
20.40
20.70
21.40
21.20
21.00
21.00
20.90
21.40
21.50
21.20
20.60
20.50
20.40
20.70
20.20
20.60
20.50
21.00
21.20
21.00
21.00
21.20
20.80
20.60
21.10
21.60
21.50
21.50
21.40
21.60
21.40
21.60
21.70
21.90
21.40
21.00
20.70
20.70
20.60
20.60
21.00
20.80
20.40
20.50
20.70
21.00
20.80
20.80
21.20
21.50
21.70
21.20
21.50
21.90
22.00
22.10
22.20
22.00
21.80
21.80
21.80
21.40
21.30
21.30
21.50
21.70
21.40
20.80
20.60
21.00
20.70
20.50
20.70
20.40
20.60
20.70
20.50
20.80
20.60
20.40
20.20
20.20
20.30
20.70
20.70
20.30
20.40
20.50
20.60
20.70
20.80
20.90
21.00
21.10
21.00
20.70
21.00
21.20
20.90
20.70
20.60
20.80
21.30
21.20
20.90
21.00
20.80
20.70
20.70
20.80
20.90
20.90
20.80
20.50
20.40
20.60
20.50
20.40
20.30
20.20
20.30
20.00
19.80
19.90
19.70
19.80
19.60
19.70
19.70
19.80
19.90
20.30
20.50
20.50
20.50
20.40
20.50
20.80
20.70
20.70
21.40
21.40
21.40
21.30
21.00
21.20
21.00
21.30
21.40
21.10
21.20
21.20
21.20
21.30
21.40
21.20
21.10
21.00
20.90
20.90
21.20
21.20
21.10
21.00
21.10
21.00
21.00
21.10
21.10
21.00
21.10
21.30
21.20
21.90
21.80
22.00
22.60
21.00
20.70
20.10
20.20
20.70
20.70
20.60
20.60
21.10
21.20
21.40
21.80
21.40
21.50
21.30
21.00
21.40
21.20
21.40
21.30
21.00
21.30
21.10
21.10
21.00
21.20
21.30
21.30
21.50
21.50
21.40
21.60
21.50
21.50
21.40
21.20
21.00
21.10
21.10
21.10
21.00
20.80
20.70
20.60
20.10
19.90
19.90
20.30
20.00
20.00
20.00
20.00
19.90
20.10
20.20
20.20
20.30
20.20
20.10
20.00
19.90
19.90
20.00
19.80
19.50
19.50
19.50
19.60
19.60
19.40
19.20
19.20
19.50
19.40
19.60
19.70
20.00
19.80
19.80
19.90
19.90
19.70
19.70
19.70
19.80
19.70
19.70
19.60
19.80
19.80
19.80
20.10
20.20
20.20
19.90
19.60
19.70
19.60
19.60
20.00
19.90
19.60
19.30
19.40
19.30
18.90
18.90
19.00
19.00
18.60
18.80
18.50
18.20
18.10
18.30
18.40
18.30
18.40
18.30
18.00
17.90
17.90
18.90
18.60
18.50
18.40
18.00
18.00
18.10
18.00
18.10
18.40
18.10
18.20
18.00
18.20
18.50
18.50
18.50
18.40
18.40
18.30
19.10
18.90
19.00
19.50
19.30
19.20
19.00
19.30
19.40
19.20
19.20
19.20
19.20
19.30
19.20
19.30
19.60
19.90
20.70
20.90
20.80
20.50
20.80
20.90
20.70
20.70
20.20
20.20
20.60
20.70
20.70
21.00
21.20
21.00
20.90
20.90
20.70
20.80
20.70
20.80
20.20
20.50
20.50
20.30
20.50
20.30
20.40
20.20
20.40
20.00
20.10
19.90
20.40
20.70
20.20
20.40
20.60
20.50
20.10
20.40
20.50
20.30
20.10
20.00
20.00
20.20
20.00
20.10
20.10
20.10
19.80
19.70
19.60
19.70
19.60
18.90
19.20
19.00
18.70
18.90
18.70
18.30
17.70
18.20
17.80
17.90
17.60
17.60
18.10
18.00
18.20
17.80
18.10
18.10
18.10
18.00
18.20
18.00
18.20
18.10
18.30
18.00
18.50
18.70
18.40
18.30
18.20
18.20
17.70
17.80
18.10
17.80
17.70
17.70
17.50
17.70
17.40
17.20
17.30
17.30
17.00
17.10
17.40
17.30
17.20
17.10
17.20
17.30
17.30
17.60
17.70
17.10
16.80
16.30
16.30
16.00
16.40
16.00
15.80
15.80
15.50
15.40
15.30
14.80
15.00
15.00
15.40
15.00
15.80
15.70
15.20
15.40
15.30
15.40
16.10
16.20
16.30
16.60
16.50
16.40
17.10
17.10
17.50
17.40
18.10
18.10
18.20
18.10
18.00
17.90
18.00
18.20
18.10
17.70
17.70
17.90
17.90
17.70
17.70
17.50
17.60
17.50
17.50
17.60
17.30
17.40
17.10
17.10
17.10
16.80
17.40
17.30
17.30
17.60
18.10
18.00
17.80
17.70
17.80
17.60
17.70
17.90
17.70
17.20
16.90
16.50
16.60
16.40
16.30
16.30
16.10
16.00
16.10
16.10
16.10
15.80
15.90
15.80
16.20
16.20
16.30
16.40
16.60
16.80
16.80
17.50
17.70
17.60
17.90
18.00
17.80
18.10
18.00
17.90
17.80
18.40
18.30
18.20
18.10
18.20
18.40
18.30
18.00
17.80
17.60
17.40
17.70
17.80
17.30
17.30
17.40
17.50
17.00
16.30
16.50
16.80
16.80
16.50
16.40
16.10
16.20
16.00
16.20
16.20
16.00
15.90
16.20
16.30
17.10
17.40
17.30
17.20
17.60
17.20
17.20
17.40
18.20
18.30
18.10
18.50
18.20
18.60
18.50
19.00
18.70
18.70
18.80
18.40
18.60
18.10
18.20
18.00
18.50
18.60
18.80
18.60
18.30
18.70
18.40
18.50
18.60
18.60
18.80
18.50
18.30
18.80
18.90
18.70
18.50
18.40
18.30
18.70
18.80
18.80
18.70
18.60
18.50
18.50
18.70
18.90
18.80
19.00
19.00
19.10
19.30
19.20
19.20
19.00
18.50
18.50
18.80
18.80
18.70
18.60
18.70
18.70
18.80
18.70
18.60
18.70
18.80
18.60
18.80
18.90
18.70
18.60
18.70
18.50
18.60
18.50
18.50
18.50
18.50
17.50
17.30
17.80
18.00
17.70
18.00
17.70
17.80
17.80
17.90
18.10
18.30
18.80
18.80
18.60
18.60
18.70
18.70
18.90
18.70
18.40
18.40
18.40
18.40
18.00
18.10
18.10
18.30
18.40
18.30
18.30
18.30
18.20
18.30
18.30
18.50
18.80
18.70
18.70
18.70
18.60
19.00
19.00
19.50
19.40
19.50
19.40
19.40
19.30
19.00
18.90
18.70
18.80
18.90
18.30
18.70
18.80
18.30
17.90
18.30
18.10
18.10
18.20
17.90
18.00
17.70
17.80
17.10
16.70
17.20
17.30
17.40
17.20
17.00
17.10
17.50
17.30
17.30
16.90
17.10
17.10
17.10
17.00
16.30
16.10
15.90
16.00
16.00
16.70
16.60
16.70
16.90
16.70
16.60
16.80
17.00
16.10
15.80
15.70
15.70
15.40
15.50
15.30
15.20
15.20
15.20
15.20
15.20
14.10
14.00
13.50
13.30
13.60
14.60
14.20
13.90
14.20
14.00
14.20
14.10
13.90
14.00
13.90
13.20
13.40
13.40
13.50
13.30
13.40
12.90
13.80
13.60
13.70
13.70
13.80
13.10
13.10
13.30
13.10
13.10
13.20
13.70
13.70
13.20
13.20
13.40
13.40
13.40
13.50
13.30
13.30
13.40
13.40
13.50
13.60
13.90
13.20
13.50
13.30
13.90
13.90
14.60
14.80
14.70
14.70
14.70
14.40
14.30
14.50
14.50
14.60
14.30
13.80
14.00
14.70
15.30
14.80
14.90
15.10
15.30
15.20
15.30
15.20
15.00
15.00
15.30
15.70
15.60
15.70
15.90
15.50
15.90
15.10
15.60
15.30
14.70
15.10
14.80
15.20
15.40
14.60
14.00
14.10
12.30
13.00
12.80
13.00
13.40
14.40
13.80
13.90
14.20
15.30
13.50
13.70
13.30
13.80
13.90
13.90
13.70
12.80
13.00
12.90
13.10
13.10
13.10
13.00
12.30
12.90
12.90
12.60
13.00
12.90
12.70
12.60
12.80
12.80
13.10
12.80
12.80
12.60
12.90
13.10
12.50
12.60
12.40
12.50
12.30
12.60
12.60
12.60
12.60
12.80
12.80
13.50
13.70
13.40
13.40
13.40
13.80
13.60
12.80
12.70
12.30
12.20
11.90
12.40
12.40
12.30
12.60
12.40
12.50
12.30
12.30
12.40
12.70
12.90
13.00
13.20
13.10
13.20
13.50
13.60
13.70
13.70
13.70
13.70
13.90
13.80
14.00
13.90
13.70
13.50
13.40
13.40
13.20
13.40
13.50
13.40
13.60
13.50
13.40
13.10
13.90
13.70
14.00
13.70
14.00
13.80
14.00
14.20
14.40
14.40
14.60
14.80
14.80
14.10
14.00
13.90
14.10
14.20
14.10
14.30
13.90
13.90
14.20
14.10
13.90
13.90
13.60
13.40
13.60
13.90
13.80
13.90
14.00
14.00
14.10
14.20
14.10
14.60
15.10
16.00
15.70
15.60
15.70
15.20
15.60
15.50
15.30
15.40
15.60
15.40
15.70
15.60
15.30
15.20
15.10
14.90
15.40
15.50
15.90
15.90
15.60
15.10
15.30
15.20
15.20
15.00
15.20
15.30
15.50
15.70
15.50
15.70
15.30
15.30
15.10
15.10
15.00
15.10
15.10
15.00
14.70
14.80
14.60
14.70
14.80
14.60
13.30
13.60
13.80
13.70
13.50
13.60
13.90
13.60
13.70
14.10
13.80
13.80
14.00
13.90
14.20
14.20
14.60
14.70
14.40
14.20
14.30
14.50
14.20
14.70
14.40
14.40
14.00
13.80
13.70
14.00
13.80
13.70
13.80
13.80
13.90
13.90
13.80
13.80
13.80
13.80
13.60
13.50
13.90
13.90
14.00
14.00
14.40
14.40
14.40
14.30
14.30
14.00
14.30
14.80
14.80
14.70
14.60
14.70
14.40
14.40
14.30
14.40
14.20
14.60
14.60
14.50
14.60
14.60
14.70
14.60
14.60
14.50
14.50
14.40
14.50
14.30
14.60
14.70
14.70
15.30
14.90
14.80
14.80
14.80
15.10
15.20
15.10
14.90
15.10
15.20
16.80
17.80
18.10
17.90
18.50
18.60
18.20
18.00
17.60
17.70
17.50
17.60
18.00
17.70
17.80
17.90
17.90
17.70
17.80
17.90
18.00
18.40
18.10
18.50
18.50
18.50
18.60
18.50
18.50
18.80
18.80
19.20
19.30
19.70
20.20
19.80
19.90
19.70
19.90
20.40
20.60
20.90
22.10
22.00
22.60
22.20
23.00
22.70
22.70
22.30
22.40
22.70
22.40
21.90
22.10
22.20
22.50
22.50
22.70
22.30
22.50
21.90
22.10
22.00
21.70
21.90
22.00
21.30
20.80
21.20
20.00
20.00
20.10
20.00
19.90
19.90
19.90
20.00
20.60
20.40
20.20
20.10
21.40
21.60
21.70
21.50
21.60
21.60
21.50
21.80
21.70
22.20
21.90
21.80
21.10
21.20
21.40
21.70
21.60
21.70
21.80
21.40
21.60
20.80
20.60
20.90
20.50
20.50
20.50
20.80
20.90
20.80
20.80
20.80
20.70
21.10
20.90
20.70
20.40
20.30
20.80
20.60
20.50
20.30
20.10
20.20
20.30
20.20
20.30
20.20
20.00
20.00
20.10
19.40
19.60
19.60
19.30
19.80
19.70
19.70
19.80
20.10
20.30
20.30
20.10
20.10
19.80
19.60
19.80
19.70
19.40
19.40
19.50
19.40
19.50
19.30
19.30
19.60
19.50
19.80
20.10
20.50
20.50
20.70
20.70
20.70
20.30
20.20
20.30
19.70
19.50
19.40
19.60
20.20
20.40
20.40
20.60
21.10
20.90
20.70
20.50
21.00
21.00
21.20
21.40
21.40
21.20
21.00
21.00
21.00
21.10
21.10
20.90
20.70
20.90
20.10
20.30
20.40
20.20
20.10
19.90
19.70
19.30
19.00
18.50
18.60
18.50
18.90
18.60
19.00
19.00
18.80
18.80
18.80
19.00
18.90
18.80
19.30
19.00
19.00
18.90
19.00
18.40
18.30
17.10
17.20
17.10
16.70
16.70
16.70
16.80
16.80
17.00
16.90
16.80
16.80
16.90
16.90
16.90
16.50
16.40
16.60
17.00
16.80
16.40
16.70
16.40
16.70
16.50
16.60
16.60
16.40
16.60
16.80
17.00
17.30
17.20
17.30
17.50
17.40
17.20
17.30
17.40
17.10
17.00
17.40
17.80
17.40
17.60
17.40
17.40
17.40
17.50
17.50
17.50
17.50
17.30
17.10
16.60
15.50
15.20
15.50
16.00
15.80
15.90
16.00
15.60
15.80
15.90
15.90
15.80
15.80
15.90
16.10
16.10
16.30
16.30
16.40
16.40
16.50
16.60
16.60
17.00
17.20
17.40
17.20
17.20
17.80
18.00
17.90
17.40
17.30
17.40
17.40
17.30
17.20
17.50
17.50
17.40
17.40
17.20
17.10
17.00
17.10
17.00
17.30
17.10
17.00
16.80
16.60
16.70
17.50
17.40
17.50
17.40
17.20
17.50
18.70
18.50
18.70
18.20
18.30
18.30
18.40
18.40
18.40
18.40
18.30
18.70
18.50
18.60
19.00
18.70
18.90
18.50
18.70
18.40
18.00
18.20
18.30
18.00
18.00
17.70
17.30
17.40
17.30
17.40
17.20
16.80
16.90
17.00
17.20
17.40
17.40
17.30
17.20
17.00
17.20
17.20
17.10
17.10
17.00
16.90
16.90
17.00
16.80
16.60
16.80
16.70
16.80
17.00
16.80
16.70
16.60
16.60
16.60
16.80
16.70
16.90
16.90
16.80
16.60
16.60
15.90
16.10
16.40
16.40
16.40
16.40
16.50
16.40
16.50
16.50
16.40
16.30
16.20
16.10
16.10
16.20
16.20
16.00
16.10
16.10
16.10
16.20
16.20
16.10
15.80
15.80
15.90
15.80
15.70
15.80
15.70
16.00
16.10
16.20
16.20
15.90
15.90
15.90
15.80
15.90
15.60
15.50
15.30
15.00
14.50
14.80
14.20
14.40
14.40
14.60
14.50
14.70
14.60
14.70
14.50
14.50
14.70
14.50
14.30
14.10
13.80
13.60
13.20
13.20
13.20
13.40
13.30
13.70
14.10
14.10
13.80
13.70
13.70
13.70
13.60
13.60
13.80
13.70
13.60
14.50
14.80
15.00
15.00
15.00
14.90
14.90
14.70
14.80
14.80
15.10
15.60
16.00
16.00
15.90
15.30
15.20
14.70
14.40
14.40
13.60
13.60
13.90
13.70
13.80
13.80
13.80
13.70
13.50
13.40
13.40
13.30
13.30
13.10
13.00
12.80
12.70
12.80
12.90
12.80
12.80
12.90
12.70
12.80
12.80
12.90
12.50
12.60
12.80
12.90
13.00
12.90
12.80
12.90
12.80
12.90
12.90
13.00
13.50
13.50
13.20
13.30
13.60
13.40
13.50
13.60
13.50
13.40
13.40
13.60
13.60
13.40
13.70
14.10
13.90
14.00
14.20
14.30
14.50
14.30
14.30
14.20
14.20
14.30
14.20
14.10
14.00
14.30
14.30
14.50
14.60
14.20
14.20
14.10
14.40
14.30
14.20
14.30
14.30
14.40
14.50
14.60
14.20
14.20
14.10
13.90
14.00
13.60
13.90
14.00
13.70
13.60
13.60
13.30
13.40
13.50
13.60
13.30
13.30
13.50
13.50
13.40
13.50
13.70
14.00
14.10
14.30
14.10
14.00
13.80
13.80
13.90
13.80
14.00
13.90
13.90
14.00
13.90
14.20
14.20
14.60
14.90
14.70
14.80
15.10
15.10
15.00
15.10
15.10
15.00
14.80
15.00
14.70
14.60
14.30
14.30
14.40
14.60
14.80
14.90
15.00
14.80
14.90
14.80
14.70
14.60
14.90
15.10
15.20
14.80
14.70
14.60
15.00
15.50
15.50
15.40
15.30
15.30
15.30
15.20
15.20
15.20
15.20
15.30
15.40
15.30
15.50
15.30
15.30
15.50
15.70
15.70
15.80
15.70
15.90
15.80
15.20
15.00
14.90
14.80
14.50
14.50
14.40
14.10
14.10
14.30
14.40
14.50
14.40
14.40
14.20
14.10
14.30
14.30
14.30
14.40
14.20
14.50
14.30
14.20
14.60
14.60
14.40
14.50
14.60
14.70
14.60
