3.12
3.04
2.98
3.02
3.00
3.06
3.08
3.08
3.02
3.00
2.96
3.02
3.02
3.02
3.04
3.04
3.14
3.12
3.06
3.08
3.02
3.04
3.02
3.10
3.08
3.18
3.10
3.06
3.10
3.10
3.06
3.08
3.12
3.32
3.30
3.28
3.22
3.20
3.24
3.20
3.14
3.16
3.08
3.12
3.12
3.00
3.02
3.02
3.02
3.02
3.04
3.00
2.98
3.04
3.12
3.12
3.12
3.06
3.04
3.08
3.10
3.10
3.06
3.10
3.16
3.12
3.14
3.24
3.18
3.16
3.14
3.18
3.18
3.14
3.14
3.12
3.12
3.12
3.10
3.12
3.08
3.20
3.14
3.20
3.16
3.16
3.42
3.38
3.58
3.64
3.56
3.62
3.62
3.54
3.48
3.60
3.52
3.46
3.30
3.40
3.28
3.14
3.14
3.08
3.14
3.16
3.22
3.24
3.22
3.16
3.22
3.26
3.16
3.16
3.18
3.12
3.16
3.12
3.12
3.18
3.32
3.32
3.26
3.12
3.04
2.88
2.88
3.16
3.18
3.12
3.20
3.18
3.18
3.26
3.22
3.20
3.28
3.30
3.26
3.24
3.24
3.26
3.30
3.26
3.26
3.24
3.20
3.12
3.10
3.06
3.06
3.02
3.02
3.00
2.96
3.04
3.02
3.00
2.96
3.00
2.96
2.98
2.96
2.94
2.92
2.94
3.02
3.00
3.00
2.98
2.96
2.94
2.94
2.94
2.92
2.96
2.94
2.94
2.96
2.96
2.98
3.02
3.02
3.08
3.04
3.06
3.16
3.24
3.24
3.20
3.20
3.12
3.14
3.18
3.20
3.18
3.16
3.14
3.14
3.20
3.18
3.16
3.20
3.18
3.18
3.18
3.18
3.22
3.18
3.18
3.18
3.16
3.14
3.06
3.06
3.12
3.12
3.12
3.10
3.12
3.08
3.06
3.04
3.04
3.04
3.02
3.00
2.94
3.00
3.00
3.04
3.04
3.00
3.02
3.00
3.06
3.14
3.16
3.16
3.16
3.16
3.14
3.16
3.16
3.14
3.14
3.12
3.10
3.10
3.08
3.12
3.10
3.12
3.14
3.14
3.14
3.14
3.16
3.14
3.14
3.12
3.14
3.00
3.00
3.00
2.98
2.94
3.00
2.98
3.00
2.98
3.02
3.06
3.08
3.14
3.14
3.12
3.14
3.14
3.14
3.18
3.16
3.18
3.18
3.18
3.18
3.18
3.18
3.16
3.16
3.18
3.16
3.14
3.14
3.16
3.14
3.24
3.22
3.16
3.18
3.18
3.16
3.14
3.14
3.14
3.06
3.08
3.00
3.06
3.06
3.06
3.06
3.08
3.08
3.04
3.02
3.04
3.08
3.04
3.04
3.04
3.00
3.00
3.02
3.00
3.00
3.02
3.00
3.00
2.98
3.02
3.02
3.02
3.02
3.04
3.06
3.06
3.02
3.04
3.06
3.08
3.14
3.18
3.18
3.16
3.12
3.16
3.38
3.34
3.34
3.42
3.38
3.38
3.40
3.32
3.46
3.42
3.56
3.58
3.58
3.56
3.62
3.58
3.56
3.60
3.56
3.58
3.64
3.60
3.54
3.56
3.72
3.76
3.82
3.82
3.76
3.66
3.64
3.72
3.82
3.84
3.84
3.84
3.76
3.74
3.78
3.92
3.88
3.88
3.82
3.78
3.84
3.96
3.96
4.02
4.06
4.06
4.00
4.02
3.98
4.02
3.98
3.96
3.94
3.90
3.82
3.68
3.68
3.82
3.76
3.60
3.70
3.80
3.80
3.76
3.94
3.98
3.98
3.94
4.02
4.04
4.02
3.94
4.00
4.16
4.20
4.18
4.18
4.22
4.24
4.30
4.36
4.46
4.44
4.48
4.42
4.40
4.42
4.28
4.22
4.18
4.24
4.24
4.22
4.22
4.20
4.28
4.26
4.20
4.16
4.18
4.20
4.26
4.26
4.20
4.24
4.22
4.22
4.28
4.22
4.18
4.20
4.22
4.12
4.12
4.08
4.04
3.92
3.84
4.04
3.94
3.94
4.02
4.08
4.08
4.00
3.90
3.98
4.00
4.00
4.00
3.96
3.94
3.86
3.78
3.74
3.72
3.60
3.48
3.58
3.46
3.62
3.64
3.76
3.72
3.98
3.90
4.06
3.96
3.88
3.88
3.90
3.88
3.96
4.02
4.00
4.00
4.08
3.98
3.96
4.06
4.06
4.22
4.22
4.20
4.24
4.24
4.32
4.30
4.40
4.34
4.38
4.36
4.24
4.40
4.34
4.30
4.36
4.26
4.28
4.28
4.24
4.22
4.24
4.22
4.22
4.14
3.98
4.04
3.96
4.00
3.92
3.90
3.86
3.72
3.66
3.82
3.92
3.84
3.76
3.80
3.90
3.94
3.92
3.94
4.02
3.96
4.00
3.96
4.00
4.08
4.06
4.00
4.04
4.00
3.92
4.00
3.98
4.00
3.94
3.96
3.90
3.88
3.86
3.74
3.60
3.70
3.78
3.80
3.78
3.74
3.84
3.82
3.94
3.94
4.00
4.04
4.02
4.06
4.08
3.98
3.98
4.00
3.98
3.94
3.96
4.06
4.08
4.06
4.28
4.30
4.28
4.32
4.24
4.20
4.24
4.24
4.36
4.48
4.46
4.34
4.40
4.30
4.16
4.20
4.26
4.18
4.24
4.28
4.28
4.20
4.16
4.14
4.14
4.14
4.08
4.04
4.06
4.12
4.22
4.22
4.16
4.16
4.20
4.22
4.16
4.08
4.14
4.14
4.12
4.08
4.10
4.02
4.08
4.02
4.10
4.10
4.12
4.12
4.12
4.16
4.24
4.22
4.22
4.30
4.24
4.24
4.20
4.18
4.16
4.18
4.22
4.20
4.26
4.28
4.06
4.00
4.14
4.28
4.22
4.18
4.18
4.28
4.26
4.20
4.22
4.28
4.24
4.20
4.12
4.08
4.12
4.10
4.20
4.28
4.26
4.40
4.40
4.34
4.38
4.40
4.38
4.38
4.34
4.40
4.34
4.28
4.26
4.28
4.30
4.26
4.20
4.18
4.18
4.22
4.26
4.28
4.22
4.26
4.20
4.16
4.12
4.20
4.14
4.20
4.16
4.14
4.14
4.18
4.20
4.16
4.16
4.18
4.18
4.22
4.20
4.18
4.20
4.18
4.22
4.22
4.24
4.24
4.20
4.16
4.18
4.18
4.20
4.18
4.18
4.20
4.20
4.24
4.22
4.22
4.22
4.24
4.26
4.34
4.38
4.32
4.28
4.26
4.20
4.18
4.16
4.14
4.22
4.20
4.20
4.16
4.18
4.18
4.20
4.24
4.32
4.32
4.26
4.26
4.26
4.32
4.32
4.40
4.40
4.42
4.40
4.36
4.40
4.56
4.68
4.72
4.72
4.66
4.66
4.76
4.76
4.74
4.76
4.74
4.68
4.64
4.78
4.60
4.68
4.68
4.56
4.64
4.70
4.66
4.66
4.62
4.60
4.74
4.70
4.80
4.76
4.74
4.70
4.66
4.68
4.64
4.64
4.60
4.68
4.70
4.72
4.68
4.64
4.62
4.60
4.70
4.70
4.64
4.66
4.66
4.76
4.86
4.90
4.90
4.92
4.92
4.98
5.00
4.98
4.92
4.92
4.88
4.88
4.78
4.72
4.78
4.76
4.80
4.78
4.70
4.64
4.64
4.70
4.74
4.76
4.80
4.76
4.70
4.68
4.62
4.58
4.64
4.68
4.74
4.72
4.78
4.76
4.80
4.78
4.78
4.76
4.80
4.78
4.66
4.64
4.66
4.70
4.68
4.64
4.70
4.66
4.64
4.68
4.70
4.64
4.64
4.62
4.60
4.58
4.62
4.58
4.44
4.40
4.28
4.40
4.40
4.34
4.28
4.22
4.12
4.04
4.12
4.04
4.04
4.12
4.10
4.08
4.04
3.94
3.98
4.04
3.96
3.84
3.84
3.86
3.88
3.88
3.88
3.90
3.86
3.72
3.76
3.50
3.54
3.66
3.70
3.66
3.62
3.56
3.62
3.32
3.16
3.12
3.12
3.26
3.16
3.18
3.22
3.22
3.18
3.12
3.22
3.40
3.44
3.38
3.30
3.42
3.40
3.44
3.40
3.34
3.34
3.32
3.34
3.08
3.14
2.90
2.90
2.74
2.66
2.80
2.88
2.94
2.90
2.68
2.80
2.68
2.16
2.24
2.16
2.24
2.28
2.22
2.46
2.12
2.06
2.10
2.06
2.14
2.14
2.20
2.14
2.16
2.36
2.46
2.50
2.44
2.60
2.78
2.90
2.70
2.52
2.66
2.70
2.62
2.64
2.86
2.68
2.68
2.72
2.72
2.74
2.68
2.66
2.74
2.74
2.88
2.86
2.76
2.80
2.74
2.80
3.08
2.98
3.00
3.28
3.24
3.26
3.18
3.18
3.14
3.20
3.30
3.32
3.34
3.24
3.28
3.46
3.34
3.24
3.36
3.64
3.62
3.64
3.50
3.50
3.34
3.24
3.22
3.24
3.32
3.30
3.36
3.32
3.28
3.26
3.24
3.16
3.14
3.12
3.18
3.14
3.10
3.14
3.34
3.26
3.30
3.30
3.32
3.24
3.22
3.32
3.32
3.50
3.48
3.36
3.32
3.38
3.46
3.34
3.40
3.32
3.24
3.22
3.18
3.28
3.28
3.30
3.28
3.26
3.20
3.10
3.12
3.04
3.02
3.04
3.02
2.94
2.86
2.96
3.00
2.96
2.96
2.92
2.82
2.82
2.76
2.84
2.88
2.84
2.82
2.82
2.78
2.86
3.00
2.98
2.90
2.84
2.88
2.84
2.78
2.72
2.54
2.56
2.50
2.50
2.52
2.52
2.50
2.44
2.38
2.42
2.44
2.40
2.50
2.48
2.56
2.76
2.82
2.74
2.72
2.80
2.72
2.78
2.80
2.92
3.04
3.04
3.08
3.06
3.22
3.14
3.20
3.16
3.16
3.12
3.14
3.12
3.20
3.18
3.28
3.28
3.28
2.94
3.02
3.02
3.04
3.04
2.96
2.98
3.04
3.02
3.16
3.10
3.16
3.14
3.12
3.08
3.14
3.10
3.10
3.10
3.08
3.06
3.08
3.06
3.12
3.06
3.16
3.06
3.02
3.08
3.10
3.12
3.20
3.16
3.28
3.34
3.34
3.28
3.30
3.32
3.24
3.18
3.14
3.10
3.18
3.18
3.20
3.26
3.28
3.28
3.26
3.28
3.28
3.50
3.46
3.48
3.46
3.44
3.56
3.52
3.58
3.58
3.62
3.56
3.56
3.50
3.48
3.48
3.46
3.48
3.46
3.44
3.40
3.34
3.32
3.30
3.22
3.20
3.28
3.34
3.32
3.26
3.26
3.24
3.24
3.26
3.40
3.38
3.28
3.32
3.28
3.30
3.26
3.16
3.10
3.08
3.08
3.02
3.02
3.10
3.04
3.04
3.04
3.10
3.08
3.10
3.20
3.30
3.26
3.26
3.24
3.32
3.30
3.30
3.28
3.28
3.36
3.38
3.32
3.34
3.36
3.30
3.28
3.22
3.22
3.24
3.20
3.22
3.20
3.14
3.18
3.14
3.04
3.04
3.10
3.12
3.20
3.18
3.20
3.14
3.06
3.06
3.12
3.08
3.06
3.02
3.06
3.04
3.06
3.06
3.04
3.06
3.08
3.06
3.04
3.06
3.06
3.06
3.14
3.12
3.14
3.24
3.20
3.22
3.22
3.22
3.28
3.26
3.20
3.22
3.18
3.12
3.14
3.12
3.10
3.10
3.14
3.16
3.28
3.26
3.24
3.20
3.24
3.26
3.26
3.20
3.18
3.20
3.12
3.16
3.22
3.30
3.30
3.28
3.30
3.28
3.42
3.42
3.40
3.38
3.34
3.38
3.34
3.40
3.36
3.36
3.38
3.38
3.40
3.44
3.38
3.38
3.38
3.42
3.42
3.48
3.42
3.44
3.44
3.50
3.50
3.60
3.70
3.68
3.62
3.62
3.64
3.44
3.34
3.28
3.42
3.40
3.36
3.44
3.46
3.50
3.50
3.48
3.60
3.58
3.56
3.44
3.42
3.44
3.48
3.42
3.46
3.46
3.48
3.52
3.56
3.54
3.48
3.44
3.44
3.40
3.40
3.40
3.38
3.36
3.36
3.36
3.44
3.46
3.40
3.38
3.40
3.38
3.38
3.42
3.44
3.42
3.52
3.48
3.46
3.50
3.50
3.52
3.52
3.48
3.54
3.66
3.64
3.52
3.48
3.48
3.38
3.40
3.40
3.44
3.38
3.44
3.38
3.28
3.20
3.30
3.32
3.32
3.28
3.26
3.32
3.34
3.32
3.36
3.40
3.36
3.38
3.34
3.38
3.36
3.38
3.38
3.38
3.38
3.38
3.32
3.36
3.30
3.32
3.36
3.36
3.34
3.34
3.40
3.36
3.38
3.36
3.34
3.36
3.26
3.18
3.08
3.02
3.06
3.02
3.04
3.04
3.14
3.18
3.14
3.14
3.16
3.10
3.10
3.12
3.16
3.22
3.20
3.26
3.22
3.20
3.22
3.24
3.22
3.20
3.10
3.10
3.10
3.04
3.06
3.06
3.08
3.02
3.02
3.06
3.04
3.10
3.06
3.06
3.08
3.04
2.92
2.88
2.98
2.94
3.00
3.00
2.94
2.94
2.96
2.94
2.90
2.94
2.94
2.98
3.00
3.00
3.06
3.04
3.10
3.10
3.18
3.16
3.16
3.12
3.14
3.16
3.12
3.14
3.26
3.36
3.36
3.40
3.50
3.50
3.46
3.46
3.50
3.50
3.46
3.52
3.56
3.64
3.58
3.56
3.58
3.58
3.54
3.54
3.52
3.46
3.52
3.58
3.54
3.58
3.52
3.50
3.50
3.58
3.52
3.52
3.42
3.46
3.48
3.50
3.56
3.48
3.38
3.48
3.46
3.54
3.48
3.62
3.58
3.74
3.74
3.86
3.92
3.94
3.84
3.88
3.86
3.88
3.94
3.84
3.84
3.84
3.86
3.76
3.80
3.78
3.78
3.82
3.86
3.86
3.82
3.76
3.70
3.72
3.80
3.84
3.82
3.82
3.90
3.90
3.88
3.82
3.86
3.94
3.92
3.90
3.90
3.86
3.84
3.86
3.88
3.88
3.94
4.10
4.12
4.08
4.20
4.10
4.02
4.06
4.04
3.96
4.04
4.00
3.92
3.94
3.92
3.84
3.90
3.84
3.84
3.82
3.76
3.72
3.74
3.82
3.78
3.88
4.02
3.98
3.92
3.90
3.90
3.92
3.92
3.86
3.86
3.88
3.84
3.86
3.86
4.00
3.94
3.94
3.98
4.06
3.94
3.94
3.94
3.94
3.96
4.00
4.18
4.16
4.08
3.92
4.08
4.12
4.20
4.20
4.12
4.10
4.22
4.20
4.24
4.26
4.26
4.22
4.30
4.38
4.34
4.38
4.38
4.36
4.42
4.46
4.48
4.48
4.40
4.46
4.44
4.42
4.42
4.42
4.36
4.40
4.42
4.42
4.60
4.66
4.54
4.44
4.50
4.38
4.32
4.16
4.18
4.10
4.18
4.38
4.36
4.40
4.40
4.48
4.48
4.42
4.54
4.48
4.44
4.42
4.48
4.48
4.52
4.60
4.64
4.62
4.66
4.54
4.58
4.52
4.54
4.52
4.60
4.54
4.50
4.46
4.60
4.58
4.74
4.72
4.70
4.72
4.66
4.76
4.78
4.72
4.84
4.88
4.88
4.94
4.90
4.92
4.88
4.92
4.96
4.94
4.96
4.88
4.88
4.88
4.90
4.88
4.88
4.86
4.86
4.86
4.88
4.92
5.10
5.15
5.20
5.20
5.15
5.25
5.25
5.25
5.20
5.20
5.20
5.10
5.10
5.10
5.30
5.25
5.25
5.30
5.30
5.35
5.20
5.25
5.25
5.20
5.30
5.50
5.45
5.45
5.40
5.40
5.25
5.15
5.20
5.20
5.25
5.20
5.15
5.25
5.35
5.45
5.35
5.35
5.40
5.40
5.35
5.40
5.15
5.15
5.25
5.25
5.00
4.92
5.00
5.00
5.15
5.20
5.05
5.15
4.78
4.74
4.82
5.10
5.05
5.00
5.05
5.00
4.94
4.98
4.98
4.96
4.98
4.90
5.00
5.15
5.10
5.25
5.30
5.15
5.05
5.00
5.00
5.05
5.10
5.00
5.10
5.15
5.25
5.15
5.25
5.30
5.30
5.15
5.10
5.10
5.15
4.96
4.94
4.94
4.94
4.78
4.84
4.82
4.56
4.66
4.64
4.56
4.54
4.70
4.76
4.66
4.70
4.76
4.74
4.72
4.78
4.72
4.90
4.92
4.88
4.92
4.92
4.90
4.88
4.86
4.84
4.86
4.78
4.82
4.68
4.70
4.54
4.54
4.60
4.58
4.56
4.64
4.70
4.72
4.80
4.78
4.78
4.80
4.82
4.80
4.78
4.76
4.78
4.82
4.82
4.80
4.78
4.78
4.80
4.76
4.82
4.86
4.76
